m=10000:n=10:k=10
   2.6399968191981316E-004   2.1200021728873253E-004   2.0200014114379883E-004   2.0099990069866180E-004
   2.7599977329373360E-004   1.9499985501170158E-004   1.9199959933757782E-004   1.9600009545683861E-004
   7.7900011092424393E-004   4.8799999058246613E-004   2.0699994638562202E-004   2.0099990069866180E-004
   2.6299990713596344E-004   2.1000020205974579E-004   1.9899988546967506E-004   3.2399967312812805E-004
   2.6899995282292366E-004   2.0199967548251152E-004   2.2300006821751595E-004   2.7799978852272034E-004
m=10000:n=20:k=20
   5.7100038975477219E-004   4.2599998414516449E-004   4.2099971324205399E-004   4.2599998414516449E-004
   5.6499987840652466E-004   4.2299926280975342E-004   4.2400043457746506E-004   4.2300019413232803E-004
   1.3100001960992813E-003   5.7699996978044510E-004   4.9799960106611252E-004   4.3999962508678436E-004
   6.1600003391504288E-004   4.2199995368719101E-004   4.7099962830543518E-004   4.8899929970502853E-004
   5.6000053882598877E-004   4.2300019413232803E-004   4.2099971324205399E-004   4.4700037688016891E-004
m=10000:n=30:k=30
   1.0279994457960129E-003   7.4500031769275665E-004   7.0700049400329590E-004   7.1399938315153122E-004
   9.9300034344196320E-004   7.0699956268072128E-004   7.0500001311302185E-004   6.9600064307451248E-004
   1.1530006304383278E-003   7.1800034493207932E-004   6.9299899041652679E-004   7.4000097811222076E-004
   1.1149998754262924E-003   7.0299953222274780E-004   6.9699995219707489E-004   7.1000028401613235E-004
   9.5300003886222839E-004   7.2499923408031464E-004   7.2299968451261520E-004   7.2799995541572571E-004
m=10000:n=40:k=40
   1.5280004590749741E-003   1.1809989809989929E-003   1.1550001800060272E-003   1.1710003018379211E-003
   1.8009999766945839E-003   1.2889988720417023E-003   1.7269998788833618E-003   1.2120008468627930E-003
   1.6899993643164635E-003   1.1550001800060272E-003   1.1539999395608902E-003   1.1679995805025101E-003
   1.4850003644824028E-003   1.1670012027025223E-003   1.1809989809989929E-003   1.1710003018379211E-003
   1.6170004382729530E-003   1.1830003932118416E-003   1.1909995228052139E-003   1.3730004429817200E-003
m=10000:n=50:k=50
   2.5699995458126068E-003   1.7820000648498535E-003   1.8050000071525574E-003   2.7530007064342499E-003
   2.7440004050731659E-003   2.5730002671480179E-003   2.1230001002550125E-003   1.8990002572536469E-003
   2.2519994527101517E-003   1.8720012158155441E-003   1.8050000071525574E-003   2.1020006388425827E-003
   3.0739996582269669E-003   2.0039994269609451E-003   1.8729995936155319E-003   1.9329991191625595E-003
   3.3449996262788773E-003   2.6819985359907150E-003   1.9010007381439209E-003   1.8989983946084976E-003
m=10000:n=60:k=60
   4.0559992194175720E-003   3.2989997416734695E-003   2.7610007673501968E-003   2.5839991867542267E-003
   4.1239988058805466E-003   2.9540006071329117E-003   2.5210008025169373E-003   2.5670006871223450E-003
   4.4269990175962448E-003   3.1249988824129105E-003   2.6150010526180267E-003   2.7049984782934189E-003
   3.4749992191791534E-003   3.5640001296997070E-003   2.5859996676445007E-003   2.6660002768039703E-003
   3.3819992095232010E-003   3.0499994754791260E-003   2.9269997030496597E-003   3.0899979174137115E-003
m=10000:n=70:k=70
   4.5260004699230194E-003   4.9069989472627640E-003   4.8270002007484436E-003   4.0840022265911102E-003
   4.2949989438056946E-003   4.3759979307651520E-003   4.0710009634494781E-003   3.6239996552467346E-003
   4.5920014381408691E-003   3.5750009119510651E-003   3.5830028355121613E-003   4.2439997196197510E-003
   5.7929996401071548E-003   4.0070004761219025E-003   3.4409984946250916E-003   3.5509988665580750E-003
   3.8309991359710693E-003   3.5330001264810562E-003   4.7949999570846558E-003   4.4469982385635376E-003
m=10000:n=80:k=80
   5.9480033814907074E-003   6.6060014069080353E-003   6.8870000541210175E-003   6.8599991500377655E-003
   6.3629988580942154E-003   4.8689991235733032E-003   4.5910030603408813E-003   5.6290030479431152E-003
   5.3589995950460434E-003   4.8259980976581573E-003   4.9019977450370789E-003   4.7839991748332977E-003
   5.5730007588863373E-003   5.4930001497268677E-003   5.0509981811046600E-003   4.4360011816024780E-003
   5.0739981234073639E-003   6.4469985663890839E-003   4.4209994375705719E-003   4.3050013482570648E-003
m=10000:n=90:k=90
   9.5250010490417480E-003   6.6719986498355865E-003   5.6650005280971527E-003   5.5430047214031219E-003
   7.0720016956329346E-003   6.1459988355636597E-003   7.0349983870983124E-003   5.9530027210712433E-003
   8.8820010423660278E-003   6.2890015542507172E-003   7.0869997143745422E-003   6.2790028750896454E-003
   8.0819986760616302E-003   5.9860013425350189E-003   5.9169977903366089E-003   7.6779983937740326E-003
   7.3780007660388947E-003   6.3729993999004364E-003   6.4259991049766541E-003   6.5679997205734253E-003
m=10000:n=100:k=100
   9.4760023057460785E-003   7.3140002787113190E-003   8.1179998815059662E-003   7.0319995284080505E-003
   7.9689994454383850E-003   1.1065997183322906E-002   7.7360011637210846E-003   8.0270022153854370E-003
   8.2929991185665131E-003   7.4639990925788879E-003   7.7989995479583740E-003   8.0199986696243286E-003
   7.5110010802745819E-003   7.9130008816719055E-003   6.7709982395172119E-003   8.0250054597854614E-003
   1.0345000773668289E-002   8.7310001254081726E-003   7.5980015099048615E-003   7.0929974317550659E-003
m=10000:n=110:k=110
   9.4229988753795624E-003   8.7190009653568268E-003   8.9859962463378906E-003   8.7020024657249451E-003
   1.0681997984647751E-002   8.6180008947849274E-003   9.3649998307228088E-003   8.6719989776611328E-003
   1.0595999658107758E-002   9.9010020494461060E-003   8.3790048956871033E-003   1.0497003793716431E-002
   9.1040022671222687E-003   1.0154999792575836E-002   9.0429931879043579E-003   9.0800002217292786E-003
   9.4409994781017303E-003   8.9850015938282013E-003   9.7570046782493591E-003   8.3469972014427185E-003
m=10000:n=120:k=120
   1.0413002222776413E-002   1.0568998754024506E-002   1.0369002819061279E-002   1.0168001055717468E-002
   1.0447997599840164E-002   1.0614998638629913E-002   1.1247999966144562E-002   1.0390996932983398E-002
   1.0833997279405594E-002   1.0276995599269867E-002   1.1462993919849396E-002   9.4799995422363281E-003
   1.1525001376867294E-002   1.0000005364418030E-002   1.0035999119281769E-002   1.0249003767967224E-002
   1.1082999408245087E-002   1.0452002286911011E-002   1.1181995272636414E-002   1.0013997554779053E-002
m=10000:n=130:k=130
   1.3532001525163651E-002   1.2022994458675385E-002   1.2442000210285187E-002   1.3507999479770660E-002
   1.2749001383781433E-002   1.3701997697353363E-002   1.3453997671604156E-002   1.2416996061801910E-002
   1.3618003576993942E-002   1.2611001729965210E-002   1.3102002441883087E-002   1.3334006071090698E-002
   1.3481996953487396E-002   1.2797996401786804E-002   1.2796998023986816E-002   1.2782000005245209E-002
   1.3267002999782562E-002   1.2428998947143555E-002   1.2061998248100281E-002   1.2620002031326294E-002
m=10000:n=140:k=140
   1.5214003622531891E-002   1.4198005199432373E-002   1.4591000974178314E-002   1.4208994805812836E-002
   1.4824002981185913E-002   1.4003999531269073E-002   1.4846995472908020E-002   1.3723000884056091E-002
   1.5061996877193451E-002   1.4094002544879913E-002   1.4417998492717743E-002   1.4242999255657196E-002
   1.4824002981185913E-002   1.4076001942157745E-002   1.4196000993251801E-002   1.4034003019332886E-002
   1.4954999089241028E-002   1.4575995504856110E-002   1.4389999210834503E-002   1.4008000493049622E-002
m=10000:n=150:k=150
   1.6268000006675720E-002   1.5773996710777283E-002   1.5629000961780548E-002   1.6042001545429230E-002
   1.7201997339725494E-002   1.6338996589183807E-002   1.6550004482269287E-002   1.6931004822254181E-002
   1.7563000321388245E-002   1.6632996499538422E-002   1.5688002109527588E-002   1.6598001122474670E-002
   1.7325997352600098E-002   1.6659997403621674E-002   1.6765996813774109E-002   1.5808001160621643E-002
   1.6603000462055206E-002   1.6206003725528717E-002   1.6095004975795746E-002   1.5907004475593567E-002
m=10000:n=160:k=160
   1.9012004137039185E-002   1.8313996493816376E-002   1.8095992505550385E-002   1.8432989716529846E-002
   1.9446998834609985E-002   1.7886005342006683E-002   1.7885997891426086E-002   1.7711013555526733E-002
   1.8507994711399078E-002   1.7875000834465027E-002   1.7671994864940643E-002   1.7692998051643372E-002
   1.9202999770641327E-002   1.8162004649639130E-002   1.7730996012687683E-002   1.7960011959075928E-002
   1.8745996057987213E-002   1.7976999282836914E-002   1.7794005572795868E-002   1.8077000975608826E-002
m=10000:n=170:k=170
   2.2578001022338867E-002   2.0507998764514923E-002   1.9629992544651031E-002   2.0221009850502014E-002
   2.1443001925945282E-002   2.0498998463153839E-002   2.0317994058132172E-002   2.0389989018440247E-002
   2.1232999861240387E-002   2.0620003342628479E-002   2.0577006042003632E-002   2.0707994699478149E-002
   2.2082000970840454E-002   1.9980005919933319E-002   2.0364999771118164E-002   2.0626008510589600E-002
   2.1399997174739838E-002   2.1724000573158264E-002   2.1508999168872833E-002   2.2823005914688110E-002
m=10000:n=180:k=180
   2.3926995694637299E-002   2.3265995085239410E-002   2.2614002227783203E-002   2.2801011800765991E-002
   2.3521997034549713E-002   2.3940004408359528E-002   2.3672997951507568E-002   2.3051008582115173E-002
   2.5510996580123901E-002   2.4880997836589813E-002   2.2862002253532410E-002   2.3191004991531372E-002
   2.4426005780696869E-002   2.3244000971317291E-002   2.3006007075309753E-002   2.2126004099845886E-002
   2.3749001324176788E-002   2.2367991507053375E-002   2.3701995611190796E-002   2.2112995386123657E-002
m=10000:n=190:k=190
   2.6073999702930450E-002   2.5164000689983368E-002   2.4632006883621216E-002   2.4617999792098999E-002
   2.5641992688179016E-002   2.6015989482402802E-002   2.5968998670578003E-002   2.5328993797302246E-002
   2.5628998875617981E-002   2.7858003973960876E-002   2.5077000260353088E-002   2.5085002183914185E-002
   2.5894001126289368E-002   2.5793001055717468E-002   2.5896996259689331E-002   2.5122001767158508E-002
   2.5504998862743378E-002   2.4381995201110840E-002   2.4249002337455750E-002   2.5058999657630920E-002
m=10000:n=200:k=200
   2.8645999729633331E-002   2.7602002024650574E-002   2.7226999402046204E-002   2.7143999934196472E-002
   2.8797999024391174E-002   2.8785005211830139E-002   2.7883008122444153E-002   2.8152003884315491E-002
   2.9957994818687439E-002   2.8079003095626831E-002   2.7980998158454895E-002   2.8363004326820374E-002
   2.9343001544475555E-002   2.6814997196197510E-002   2.7126997709274292E-002   2.8231993317604065E-002
   2.9895000159740448E-002   2.8204992413520813E-002   2.8624996542930603E-002   2.7512997388839722E-002
m=10000:n=210:k=210
   3.2140992581844330E-002   3.1953990459442139E-002   3.0272006988525391E-002   3.0259996652603149E-002
   3.2163992524147034E-002   3.1658992171287537E-002   3.1110003590583801E-002   3.0294001102447510E-002
   3.2119996845722198E-002   3.2021999359130859E-002   3.1539991497993469E-002   3.1347990036010742E-002
   3.1948998570442200E-002   3.1778007745742798E-002   3.0522003769874573E-002   3.1225994229316711E-002
   3.2478995621204376E-002   3.2070994377136230E-002   3.0137002468109131E-002   3.1016007065773010E-002
m=10000:n=220:k=220
   3.4222997725009918E-002   3.2938003540039062E-002   3.3471003174781799E-002   3.2952010631561279E-002
   3.8119994103908539E-002   3.3649995923042297E-002   3.4682005643844604E-002   3.4053996205329895E-002
   3.5383000969886780E-002   3.3775001764297485E-002   3.3761009573936462E-002   3.2831013202667236E-002
   3.4629002213478088E-002   3.4532994031906128E-002   3.3718988299369812E-002   3.3780008554458618E-002
   3.7397995591163635E-002   3.5952001810073853E-002   3.4905001521110535E-002   3.3414989709854126E-002
m=10000:n=230:k=230
   4.0455996990203857E-002   3.5638004541397095E-002   3.5554990172386169E-002   3.5386979579925537E-002
   3.7188000977039337E-002   3.6274999380111694E-002   3.5787999629974365E-002   3.5198017954826355E-002
   3.8782000541687012E-002   3.7011012434959412E-002   3.5548001527786255E-002   3.5504996776580811E-002
   3.8607001304626465E-002   3.6154001951217651E-002   3.6208003759384155E-002   3.5786002874374390E-002
   3.8845002651214600E-002   3.7324994802474976E-002   3.7571996450424194E-002   3.6989986896514893E-002
m=10000:n=240:k=240
   4.1702002286911011E-002   4.0944993495941162E-002   4.0595993399620056E-002   3.9972990751266479E-002
   4.2181998491287231E-002   4.0424004197120667E-002   3.8865983486175537E-002   3.9764016866683960E-002
   4.1743993759155273E-002   4.0962994098663330E-002   4.0669992566108704E-002   3.9520978927612305E-002
   4.3494999408721924E-002   4.2351007461547852E-002   4.0452986955642700E-002   4.0867984294891357E-002
   4.0527001023292542E-002   3.8829997181892395E-002   3.7612006068229675E-002   3.9781004190444946E-002
m=10000:n=250:k=250
   4.6178013086318970E-002   4.3764993548393250E-002   4.1361004114151001E-002   4.5724004507064819E-002
   4.7202005982398987E-002   4.4710010290145874E-002   4.3326005339622498E-002   4.3795973062515259E-002
   4.4640988111495972E-002   4.4649988412857056E-002   4.2632997035980225E-002   4.3112993240356445E-002
   4.4482991099357605E-002   4.4951990246772766E-002   4.3768003582954407E-002   4.3760001659393311E-002
   4.6823009848594666E-002   4.6313002705574036E-002   4.4192016124725342E-002   4.5127987861633301E-002
m=10000:n=260:k=260
   4.8163995146751404E-002   4.7563999891281128E-002   4.6425998210906982E-002   4.6534985303878784E-002
   4.8398002982139587E-002   4.8987001180648804E-002   4.8080012202262878E-002   4.7986000776290894E-002
   4.9719005823135376E-002   4.7675997018814087E-002   4.6590998768806458E-002   4.7372996807098389E-002
   4.8145994544029236E-002   4.7475993633270264E-002   4.7203019261360168E-002   4.8039019107818604E-002
   4.9536004662513733E-002   4.9078002572059631E-002   4.7074988484382629E-002   4.7390997409820557E-002
m=10000:n=270:k=270
   5.3711995482444763E-002   5.0429999828338623E-002   5.0591021776199341E-002   4.8830986022949219E-002
   5.0850003957748413E-002   5.1802009344100952E-002   4.8637002706527710E-002   4.9853026866912842E-002
   5.1548004150390625E-002   4.9646988511085510E-002   4.9229025840759277E-002   4.9041002988815308E-002
   5.1621004939079285E-002   5.0751000642776489E-002   5.0341993570327759E-002   5.0013989210128784E-002
   5.4297000169754028E-002   5.1638990640640259E-002   5.1461994647979736E-002   4.8750996589660645E-002
m=10000:n=280:k=280
   5.5535003542900085E-002   5.5304005742073059E-002   5.3766995668411255E-002   5.2842020988464355E-002
   5.4850995540618896E-002   5.4122000932693481E-002   5.2611976861953735E-002   5.4975003004074097E-002
   5.6290000677108765E-002   5.5497989058494568E-002   5.4359972476959229E-002   5.5359989404678345E-002
   5.7225003838539124E-002   5.5197998881340027E-002   5.3512990474700928E-002   5.6232005357742310E-002
   5.8055996894836426E-002   5.6396991014480591E-002   5.4776012897491455E-002   5.3721994161605835E-002
m=10000:n=290:k=290
   6.1156988143920898E-002   6.1216980218887329E-002   5.9960007667541504E-002   5.9125989675521851E-002
   6.3398003578186035E-002   6.0043007135391235E-002   5.9080004692077637E-002   6.0631006956100464E-002
   6.4751997590065002E-002   6.1804994940757751E-002   5.8077007532119751E-002   6.0023993253707886E-002
   6.3706010580062866E-002   6.0891985893249512E-002   6.0086995363235474E-002   6.3635021448135376E-002
   6.2554001808166504E-002   5.9840992093086243E-002   6.0589998960494995E-002   5.9345990419387817E-002
m=10000:n=300:k=300
   6.7007020115852356E-002   6.4332991838455200E-002   6.3130974769592285E-002   6.2630981206893921E-002
   6.5010011196136475E-002   6.3332989811897278E-002   6.1202019453048706E-002   6.4999997615814209E-002
   6.6568002104759216E-002   6.5833985805511475E-002   6.3316017389297485E-002   6.1286985874176025E-002
   6.4304992556571960E-002   6.2590003013610840E-002   6.0402005910873413E-002   6.1829000711441040E-002
   6.4143002033233643E-002   6.4459994435310364E-002   6.2343001365661621E-002   6.2799990177154541E-002
m=10000:n=310:k=310
   6.8109005689620972E-002   6.6570997238159180E-002   6.5932989120483398E-002   6.6451013088226318E-002
   6.7671015858650208E-002   6.6321998834609985E-002   6.5947026014328003E-002   6.5418988466262817E-002
   6.8687006831169128E-002   6.7939996719360352E-002   6.6269010305404663E-002   6.5348982810974121E-002
   7.2902992367744446E-002   6.9504976272583008E-002   6.8949997425079346E-002   6.6982001066207886E-002
   6.7764982581138611E-002   6.6623985767364502E-002   6.4846992492675781E-002   6.5519988536834717E-002
m=10000:n=320:k=320
   7.2015017271041870E-002   7.2586983442306519E-002   7.4024021625518799E-002   7.1457982063293457E-002
   7.4123993515968323E-002   7.2684973478317261E-002   7.1547001600265503E-002   7.1930974721908569E-002
   7.5077995657920837E-002   7.4073016643524170E-002   7.2289019823074341E-002   7.1619004011154175E-002
   7.5808987021446228E-002   7.4680000543594360E-002   7.5296998023986816E-002   7.5411975383758545E-002
   7.5158014893531799E-002   7.1244001388549805E-002   6.9251000881195068E-002   7.0194005966186523E-002
m=10000:n=330:k=330
   7.9824984073638916E-002   7.7831000089645386E-002   7.6723992824554443E-002   7.8233033418655396E-002
   7.8953996300697327E-002   8.0108016729354858E-002   7.5717985630035400E-002   7.6436966657638550E-002
   8.0684006214141846E-002   7.8080981969833374E-002   7.7112972736358643E-002   7.6960027217864990E-002
   8.0880001187324524E-002   7.9515010118484497E-002   7.6016992330551147E-002   7.9107999801635742E-002
   8.0698981881141663E-002   7.9599022865295410E-002   7.8013002872467041E-002   7.7635020017623901E-002
m=10000:n=340:k=340
   8.5758984088897705E-002   8.1081986427307129E-002   8.0408990383148193E-002   7.9353004693984985E-002
   8.3359003067016602E-002   7.9624980688095093E-002   7.7802002429962158E-002   7.9277962446212769E-002
   8.5808992385864258E-002   8.3069026470184326E-002   8.2620978355407715E-002   8.1645011901855469E-002
   8.5117012262344360E-002   8.1874012947082520E-002   8.1218987703323364E-002   8.0283999443054199E-002
   8.9090988039970398E-002   8.2812994718551636E-002   7.9631000757217407E-002   7.8932017087936401E-002
m=10000:n=350:k=350
   8.9559987187385559E-002   9.0096980333328247E-002   8.3861023187637329E-002   8.4582984447479248E-002
   8.7285995483398438E-002   8.6991995573043823E-002   8.4463000297546387E-002   8.4685981273651123E-002
   8.7937995791435242E-002   8.6843997240066528E-002   8.4676980972290039E-002   8.7783962488174438E-002
   8.8047996163368225E-002   8.6719006299972534E-002   8.5144013166427612E-002   8.4594994783401489E-002
   8.8484004139900208E-002   8.6860984563827515E-002   8.4434002637863159E-002   8.6283981800079346E-002
m=10000:n=360:k=360
   9.1076999902725220E-002   9.1675996780395508E-002   9.0250015258789062E-002   8.8521003723144531E-002
   9.2303007841110229E-002   9.2595994472503662E-002   8.8186979293823242E-002   8.8680982589721680E-002
   9.3933001160621643E-002   9.4027012586593628E-002   9.0611010789871216E-002   8.9810013771057129E-002
   9.5115005970001221E-002   9.2257976531982422E-002   9.0822964906692505E-002   9.0865969657897949E-002
   9.3308001756668091E-002   9.3930006027221680E-002   8.9937001466751099E-002   9.1445982456207275E-002
m=10000:n=370:k=370
  0.10435600578784943        9.5346003770828247E-002   9.5201015472412109E-002   9.5081031322479248E-002
  0.10151799023151398        9.7407996654510498E-002   9.7264021635055542E-002   9.9281013011932373E-002
  0.10130600631237030        9.7425013780593872E-002   9.4726026058197021E-002   9.6225023269653320E-002
  0.10213801264762878       0.10207697749137878        9.8657041788101196E-002   9.6430003643035889E-002
  0.10280798375606537       0.10084500908851624        9.7544014453887939E-002   9.8213016986846924E-002
m=10000:n=380:k=380
  0.10823899507522583       0.10387700796127319       0.10126203298568726       0.10181599855422974     
  0.10303598642349243       0.10247701406478882       0.10288497805595398       0.10182499885559082     
  0.10305601358413696       0.10135900974273682       0.10076698660850525       0.10104298591613770     
  0.10514500737190247       0.10221600532531738        9.6924006938934326E-002  0.10033804178237915     
  0.10442298650741577       0.10529100894927979       0.10044100880622864       0.10118901729583740     
m=10000:n=390:k=390
  0.10960701107978821       0.10683301091194153       0.10326302051544189       0.10098600387573242     
  0.10778498649597168       0.10712099075317383       0.10336700081825256       0.10366797447204590     
  0.10609400272369385       0.10449302196502686       0.10579597949981689       0.10503000020980835     
  0.11126500368118286       0.10541900992393494       0.10536602139472961       0.10390502214431763     
  0.10867699980735779       0.10643500089645386       0.10442900657653809       0.10703802108764648     
m=10000:n=400:k=400
  0.11562201380729675       0.11337497830390930       0.10890799760818481       0.10702800750732422     
  0.11444300413131714       0.11400100588798523       0.10948598384857178       0.10716098546981812     
  0.11682498455047607       0.11261099576950073       0.11065000295639038       0.10881298780441284     
  0.11676400899887085       0.11597797274589539       0.11248201131820679       0.11071002483367920     
  0.11505699157714844       0.11410701274871826       0.10812401771545410       0.10842597484588623     
m=10000:n=410:k=410
  0.12038999795913696       0.12152802944183350       0.11600601673126221       0.11662995815277100     
  0.12060299515724182       0.11994701623916626       0.11956000328063965       0.11928600072860718     
  0.12261298298835754       0.11757203936576843       0.11306995153427124       0.11382597684860229     
  0.12180298566818237       0.12156000733375549       0.11574304103851318       0.11684203147888184     
  0.12192600965499878       0.11908298730850220       0.11422097682952881       0.12273395061492920     
m=10000:n=420:k=420
  0.12917301058769226       0.12464603781700134       0.11998599767684937       0.11988800764083862     
  0.12747198343276978       0.12479498982429504       0.11909896135330200       0.11919301748275757     
  0.13058000802993774       0.12472397089004517       0.12135297060012817       0.12184298038482666     
  0.12626799941062927       0.12673297524452209       0.12055999040603638       0.11865097284317017     
  0.12396299839019775       0.12055200338363647       0.12527596950531006       0.12931299209594727     
m=10000:n=430:k=430
  0.13005697727203369       0.12489399313926697       0.12753200531005859       0.12472200393676758     
  0.13009199500083923       0.12601503729820251       0.12434202432632446       0.12192797660827637     
  0.13281199336051941       0.13146200776100159       0.12985002994537354       0.12708300352096558     
  0.13153699040412903       0.12937596440315247       0.12419396638870239       0.12511998414993286     
  0.12736698985099792       0.12644496560096741       0.12330400943756104       0.12402999401092529     
m=10000:n=440:k=440
  0.13678100705146790       0.13593900203704834       0.13163799047470093       0.13230299949645996     
  0.13773000240325928       0.13626000285148621       0.13107001781463623       0.13200700283050537     
  0.13798797130584717       0.13981598615646362       0.13117802143096924       0.13228899240493774     
  0.13553398847579956       0.13506001234054565       0.13305896520614624       0.13033300638198853     
  0.13537600636482239       0.13355997204780579       0.13337397575378418       0.13215094804763794     
m=10000:n=450:k=450
  0.14538300037384033       0.14214903116226196       0.14111101627349854       0.14245295524597168     
  0.15189197659492493       0.14557898044586182       0.14235395193099976       0.14294499158859253     
  0.14348798990249634       0.14234501123428345       0.13939100503921509       0.14385098218917847     
  0.14548698067665100       0.14601999521255493       0.14815199375152588       0.14281702041625977     
  0.15440398454666138       0.14487400650978088       0.14161300659179688       0.13870501518249512     
m=10000:n=460:k=460
  0.14876100420951843       0.14862400293350220       0.14517599344253540       0.14573603868484497     
  0.15219700336456299       0.14797997474670410       0.14673900604248047       0.14702403545379639     
  0.15034499764442444       0.14677700400352478       0.14428395032882690       0.14489901065826416     
  0.14719200134277344       0.15223199129104614       0.14542496204376221       0.14461499452590942     
  0.15139499306678772       0.14835500717163086       0.14242404699325562       0.14432299137115479     
m=10000:n=470:k=470
  0.15254500508308411       0.15252801775932312       0.14695304632186890       0.14883500337600708     
  0.15489301085472107       0.15373799204826355       0.14845401048660278       0.15062999725341797     
  0.15131700038909912       0.15294998884201050       0.14914095401763916       0.14732998609542847     
  0.15195900201797485       0.15456500649452209       0.14863801002502441       0.15190297365188599     
  0.15103000402450562       0.14940997958183289       0.14671099185943604       0.14644598960876465     
m=10000:n=480:k=480
  0.16387599706649780       0.16405600309371948       0.15699499845504761       0.15558195114135742     
  0.16436901688575745       0.16680598258972168       0.15712499618530273       0.15703201293945312     
  0.16369298100471497       0.16437798738479614       0.15781503915786743       0.16071599721908569     
  0.16130599379539490       0.16043996810913086       0.15933495759963989       0.15815597772598267     
  0.16115602850914001       0.16422599554061890       0.15814703702926636       0.15759104490280151     
m=10000:n=490:k=490
  0.17872896790504456       0.17250698804855347       0.16647195816040039       0.16343903541564941     
  0.17277798056602478       0.17647397518157959       0.16863298416137695       0.16669505834579468     
  0.17377400398254395       0.17075300216674805       0.16572803258895874       0.16211104393005371     
  0.17216098308563232       0.17322498559951782       0.16464895009994507       0.16481101512908936     
  0.17745402455329895       0.16765803098678589       0.16463202238082886       0.16453802585601807     
m=10000:n=500:k=500
  0.17811796069145203       0.17803698778152466       0.16793197393417358       0.16911494731903076     
  0.18067499995231628       0.18120801448822021       0.17244797945022583       0.17411404848098755     
  0.18371498584747314       0.18282300233840942       0.17276501655578613       0.17347699403762817     
  0.17652302980422974       0.17689597606658936       0.17395198345184326       0.17044901847839355     
  0.17655700445175171       0.17685997486114502       0.17311894893646240       0.17074096202850342     
m=10000:n=510:k=510
  0.18453100323677063       0.17876702547073364       0.17865902185440063       0.17805600166320801     
  0.18191602826118469       0.18192201852798462       0.17900097370147705       0.17614299058914185     
  0.18991303443908691       0.18174999952316284       0.17807602882385254       0.17085605859756470     
  0.18781000375747681       0.17833799123764038       0.17258000373840332       0.17344707250595093     
  0.18334299325942993       0.18171995878219604       0.17735296487808228       0.17744505405426025     
m=10000:n=520:k=520
  0.18964901566505432       0.18793702125549316       0.18747198581695557       0.18343001604080200     
  0.18957501649856567       0.18368703126907349       0.18059098720550537       0.18081599473953247     
  0.18871998786926270       0.19099897146224976       0.18335896730422974       0.18346601724624634     
  0.19348499178886414       0.18855595588684082       0.18081200122833252       0.18179202079772949     
  0.19320899248123169       0.19175195693969727       0.18465399742126465       0.18196094036102295     
m=10000:n=530:k=530
  0.20110300183296204       0.20032000541687012       0.19653499126434326       0.19028902053833008     
  0.20614403486251831       0.20595103502273560       0.19457495212554932       0.19228005409240723     
  0.20334503054618835       0.19995701313018799       0.19664400815963745       0.19364893436431885     
  0.20448398590087891       0.20189702510833740       0.19411104917526245       0.19695401191711426     
  0.20093399286270142       0.20030897855758667       0.19465798139572144       0.19260197877883911     
m=10000:n=540:k=540
  0.20654803514480591       0.20338702201843262       0.20096600055694580       0.19840204715728760     
  0.20827999711036682       0.20310699939727783       0.19606500864028931       0.19544100761413574     
  0.21901601552963257       0.21076202392578125       0.20217901468276978       0.20338904857635498     
  0.21116000413894653       0.20714700222015381       0.20267593860626221       0.19730901718139648     
  0.20976299047470093       0.20862501859664917       0.19834607839584351       0.19542503356933594     
m=10000:n=550:k=550
  0.21397799253463745       0.20878696441650391       0.20200693607330322       0.20445799827575684     
  0.21755900979042053       0.20841801166534424       0.20344996452331543       0.20332801342010498     
  0.21013298630714417       0.20644396543502808       0.20865398645401001       0.20719003677368164     
  0.20863899588584900       0.20667397975921631       0.20297896862030029       0.20481503009796143     
  0.21228200197219849       0.20643198490142822       0.20200002193450928       0.20331704616546631     
m=10000:n=560:k=560
  0.22340399026870728       0.22347199916839600       0.21690905094146729       0.21698307991027832     
  0.22744601964950562       0.22642600536346436       0.21696597337722778       0.21577799320220947     
  0.22747102379798889       0.22277998924255371       0.21569693088531494       0.21284890174865723     
  0.22318398952484131       0.22317200899124146       0.21815598011016846       0.21280097961425781     
  0.22334697842597961       0.22168898582458496       0.21343308687210083       0.21288502216339111     
m=10000:n=570:k=570
  0.23275101184844971       0.22546499967575073       0.22039604187011719       0.21711599826812744     
  0.22588199377059937       0.22400099039077759       0.21831703186035156       0.21684694290161133     
  0.22591200470924377       0.22763299942016602       0.22412896156311035       0.22017395496368408     
  0.23286801576614380       0.22910600900650024       0.22605204582214355       0.22090101242065430     
  0.22931498289108276       0.23611199855804443       0.22865402698516846       0.22259294986724854     
m=10000:n=580:k=580
  0.24804502725601196       0.23918300867080688       0.22956097126007080       0.23025500774383545     
  0.24107700586318970       0.24001997709274292       0.23035407066345215       0.22910308837890625     
  0.24376896023750305       0.23826098442077637       0.22626495361328125       0.22808599472045898     
  0.24506402015686035       0.24052101373672485       0.23047298192977905       0.22942006587982178     
  0.23864904046058655       0.23823595046997070       0.22510498762130737       0.22664201259613037     
m=10000:n=590:k=590
  0.24644902348518372       0.23632299900054932       0.23289495706558228       0.23424196243286133     
  0.24185296893119812       0.24242997169494629       0.23360198736190796       0.23465192317962646     
  0.24782797694206238       0.25042301416397095       0.24129498004913330       0.23257100582122803     
  0.24371802806854248       0.24598401784896851       0.23716002702713013       0.23744702339172363     
  0.24279800057411194       0.24007904529571533       0.23667001724243164       0.23811399936676025     
m=10000:n=600:k=600
  0.25339797139167786       0.25098800659179688       0.23929899930953979       0.24072206020355225     
  0.25547099113464355       0.25214999914169312       0.24339002370834351       0.24057292938232422     
  0.25738400220870972       0.25239300727844238       0.24430298805236816       0.24421787261962891     
  0.25913196802139282       0.25351899862289429       0.23785895109176636       0.23941397666931152     
  0.25535699725151062       0.25665301084518433       0.24572801589965820       0.24234998226165771     
m=10000:n=610:k=610
  0.28090500831604004       0.26342302560806274       0.25107192993164062       0.25347805023193359     
  0.26899999380111694       0.26761007308959961       0.25948297977447510       0.25374794006347656     
  0.26459801197052002       0.26472908258438110       0.25275003910064697       0.25209593772888184     
  0.27146998047828674       0.26652002334594727       0.25992691516876221       0.25821006298065186     
  0.26184001564979553       0.26422303915023804       0.25424599647521973       0.25632596015930176     
m=10000:n=620:k=620
  0.26975297927856445       0.27712798118591309       0.25714194774627686       0.26603698730468750     
  0.27552396059036255       0.27046394348144531       0.26390397548675537       0.26027894020080566     
  0.28825300931930542       0.27902203798294067       0.26426792144775391       0.26527500152587891     
  0.27127301692962646       0.27891999483108521       0.26097905635833740       0.26509499549865723     
  0.26945000886917114       0.27379697561264038       0.26359295845031738       0.25887000560760498     
m=10000:n=630:k=630
  0.27730202674865723       0.26773005723953247       0.26207697391510010       0.26319289207458496     
  0.28010898828506470       0.26894795894622803       0.26551997661590576       0.26774299144744873     
  0.27712297439575195       0.27300697565078735       0.26097500324249268       0.26367902755737305     
  0.27436196804046631       0.27307999134063721       0.26201093196868896       0.26183104515075684     
  0.27429300546646118       0.27506494522094727       0.26537406444549561       0.26649999618530273     
m=10000:n=640:k=640
  0.29380804300308228       0.29345804452896118       0.28326404094696045       0.28170990943908691     
  0.29164803028106689       0.29998397827148438       0.27506005764007568       0.27585804462432861     
  0.29202997684478760       0.28498005867004395       0.27792596817016602       0.27799308300018311     
  0.30521500110626221       0.29807901382446289       0.28096795082092285       0.28358101844787598     
  0.30260801315307617       0.28953307867050171       0.27733802795410156       0.27779209613800049     
m=10000:n=650:k=650
  0.29722201824188232       0.29276198148727417       0.27831101417541504       0.27964293956756592     
  0.30186998844146729       0.29605698585510254       0.28284788131713867       0.29372894763946533     
  0.30102002620697021       0.30431002378463745       0.28501892089843750       0.28838098049163818     
  0.29884701967239380       0.29867202043533325       0.28683102130889893       0.28365898132324219     
  0.30244696140289307       0.29154300689697266       0.28565597534179688       0.29296696186065674     
m=10000:n=660:k=660
  0.31177699565887451       0.31879395246505737       0.29699194431304932       0.29806196689605713     
  0.30914801359176636       0.31093496084213257       0.29732000827789307       0.29182505607604980     
  0.33397096395492554       0.31604492664337158       0.29306912422180176       0.29514789581298828     
  0.31500601768493652       0.30321294069290161       0.29686605930328369       0.30054903030395508     
  0.30483800172805786       0.31462103128433228       0.29546308517456055       0.30081796646118164     
m=10000:n=670:k=670
  0.31161999702453613       0.30669897794723511       0.30487704277038574       0.30326902866363525     
  0.31552100181579590       0.31678295135498047       0.30275309085845947       0.30820107460021973     
  0.31293600797653198       0.30461001396179199       0.29544508457183838       0.30899894237518311     
  0.31121498346328735       0.31821805238723755       0.30653595924377441       0.30679094791412354     
  0.31334102153778076       0.30978906154632568       0.29925704002380371       0.30034804344177246     
m=10000:n=680:k=680
  0.32467800378799438       0.32581692934036255       0.30466699600219727       0.30931508541107178     
  0.31681501865386963       0.32911801338195801       0.30802392959594727       0.30607306957244873     
  0.32427299022674561       0.32079094648361206       0.30764198303222656       0.30894696712493896     
  0.33052402734756470       0.31662601232528687       0.30454003810882568       0.30744993686676025     
  0.33693599700927734       0.32867097854614258       0.31774508953094482       0.31427907943725586     
m=10000:n=690:k=690
  0.35352396965026855       0.33874094486236572       0.32595205307006836       0.33120203018188477     
  0.34524905681610107       0.34456205368041992       0.33461594581604004       0.32339406013488770     
  0.33936101198196411       0.35733199119567871       0.32405591011047363       0.32635796070098877     
  0.34374099969863892       0.34532898664474487       0.32168698310852051       0.32816898822784424     
  0.34014999866485596       0.33408999443054199       0.32344794273376465       0.32610094547271729     
m=10000:n=700:k=700
  0.34987103939056396       0.34526199102401733       0.32617104053497314       0.32852196693420410     
  0.34424602985382080       0.33710497617721558       0.32766795158386230       0.32542896270751953     
  0.34440404176712036       0.34348499774932861       0.33233606815338135       0.32858109474182129     
  0.34831798076629639       0.34844702482223511       0.33429789543151855       0.32899785041809082     
  0.34031701087951660       0.34545898437500000       0.33210301399230957       0.32963299751281738     
m=10000:n=710:k=710
  0.35030400753021240       0.34435999393463135       0.33102798461914062       0.33714807033538818     
  0.35990697145462036       0.35122603178024292       0.34126591682434082       0.33511602878570557     
  0.35479396581649780       0.34853601455688477       0.33769094944000244       0.33134818077087402     
  0.35338997840881348       0.33892595767974854       0.33231902122497559       0.33463811874389648     
  0.34410297870635986       0.34665101766586304       0.33627796173095703       0.33998513221740723     
m=10000:n=720:k=720
  0.37509101629257202       0.36409008502960205       0.35064899921417236       0.35468089580535889     
  0.36717700958251953       0.36161994934082031       0.35407698154449463       0.35521101951599121     
  0.36816602945327759       0.37175595760345459       0.34376895427703857       0.35146892070770264     
  0.37228202819824219       0.36798894405364990       0.34364700317382812       0.35137200355529785     
  0.37513798475265503       0.36492192745208740       0.35919702053070068       0.35030305385589600     
m=10000:n=730:k=730
  0.39379906654357910       0.38326406478881836       0.36785387992858887       0.37264585494995117     
  0.37023895978927612       0.37812197208404541       0.35695993900299072       0.36115407943725586     
  0.37850904464721680       0.38880002498626709       0.35904800891876221       0.35978889465332031     
  0.37981200218200684       0.37743592262268066       0.37431597709655762       0.37237882614135742     
  0.37492203712463379       0.37907207012176514       0.36052405834197998       0.36071109771728516     
m=10000:n=740:k=740
  0.39494597911834717       0.38239502906799316       0.37010097503662109       0.37061798572540283     
  0.39105993509292603       0.40141808986663818       0.36616301536560059       0.37186086177825928     
  0.39438092708587646       0.39291203022003174       0.36509299278259277       0.38116204738616943     
  0.38323205709457397       0.39426994323730469       0.36783707141876221       0.37071299552917480     
  0.39245808124542236       0.38459396362304688       0.36835098266601562       0.37064003944396973     
m=10000:n=750:k=750
  0.38716804981231689       0.38987803459167480       0.37936389446258545       0.38178205490112305     
  0.39824002981185913       0.39301908016204834       0.37482392787933350       0.38741707801818848     
  0.39485800266265869       0.38982903957366943       0.38408398628234863       0.37990701198577881     
  0.39605194330215454       0.39923107624053955       0.37780809402465820       0.37433791160583496     
  0.39535903930664062       0.39498496055603027       0.38192892074584961       0.37779688835144043     
m=10000:n=760:k=760
  0.41114199161529541       0.40921092033386230       0.38480901718139648       0.38607811927795410     
  0.40719002485275269       0.40837705135345459       0.38854694366455078       0.39138889312744141     
  0.41996008157730103       0.41013097763061523       0.38385391235351562       0.38708198070526123     
  0.41645097732543945       0.39909899234771729       0.38576507568359375       0.39074397087097168     
  0.41139900684356689       0.40584301948547363       0.38458096981048584       0.38525986671447754     
m=10000:n=770:k=770
  0.42933797836303711       0.42997205257415771       0.40544605255126953       0.41113686561584473     
  0.43628698587417603       0.42755997180938721       0.42138099670410156       0.41006207466125488     
  0.43877905607223511       0.41597199440002441       0.41791999340057373       0.41356289386749268     
  0.44554597139358521       0.42119908332824707       0.40159511566162109       0.40731191635131836     
  0.43931299448013306       0.42713403701782227       0.41111183166503906       0.41074705123901367     
m=10000:n=780:k=780
  0.44200307130813599       0.42797303199768066       0.40644896030426025       0.40688896179199219     
  0.42854297161102295       0.42614102363586426       0.40709900856018066       0.40329384803771973     
  0.42790806293487549       0.43942606449127197       0.41981005668640137       0.40356612205505371     
  0.43499702215194702       0.42300701141357422       0.40910720825195312       0.41296100616455078     
  0.42998701333999634       0.43346500396728516       0.41628003120422363       0.41181802749633789     
m=10000:n=790:k=790
  0.43314599990844727       0.42394697666168213       0.41452002525329590       0.42217612266540527     
  0.42981207370758057       0.42296898365020752       0.41709399223327637       0.41371393203735352     
  0.43600302934646606       0.42887902259826660       0.41291189193725586       0.42555284500122070     
  0.43231004476547241       0.42972886562347412       0.42018091678619385       0.41300797462463379     
  0.44191902875900269       0.44027590751647949       0.41823709011077881       0.41165304183959961     
m=10000:n=800:k=800
  0.46509206295013428       0.45423007011413574       0.43912410736083984       0.44013619422912598     
  0.46655702590942383       0.46770298480987549       0.43596005439758301       0.43858909606933594     
  0.46387594938278198       0.45738291740417480       0.45021104812622070       0.43252396583557129     
  0.48232907056808472       0.46143102645874023       0.44248807430267334       0.44151806831359863     
  0.45776098966598511       0.46262300014495850       0.44587004184722900       0.44129109382629395     
m=10000:n=810:k=810
  0.49233102798461914       0.46729803085327148       0.44148015975952148       0.44486808776855469     
  0.48248100280761719       0.48657500743865967       0.45621097087860107       0.44937086105346680     
  0.48320299386978149       0.48243796825408936       0.45003902912139893       0.45530915260314941     
  0.46876692771911621       0.47276604175567627       0.44886195659637451       0.43772292137145996     
  0.47395807504653931       0.46145498752593994       0.43621695041656494       0.44610500335693359     
m=10000:n=820:k=820
  0.49452900886535645       0.48598992824554443       0.45661401748657227       0.46131992340087891     
  0.49554502964019775       0.49664497375488281       0.46808409690856934       0.45327901840209961     
  0.48740392923355103       0.48523402214050293       0.45395016670227051       0.45267701148986816     
  0.49442201852798462       0.50474298000335693       0.47707700729370117       0.45768499374389648     
  0.49260103702545166       0.47819304466247559       0.44991397857666016       0.45904088020324707     
m=10000:n=830:k=830
  0.48431098461151123       0.49479603767395020       0.46774590015411377       0.45724391937255859     
  0.49325501918792725       0.48814094066619873       0.46847701072692871       0.46441817283630371     
  0.47597104310989380       0.47971093654632568       0.45788991451263428       0.45940709114074707     
  0.49337804317474365       0.47344708442687988       0.46015894412994385       0.46704983711242676     
  0.49033898115158081       0.47695100307464600       0.45941686630249023       0.45846390724182129     
m=10000:n=840:k=840
  0.50582802295684814       0.48791599273681641       0.47428691387176514       0.48111605644226074     
  0.51173400878906250       0.51173198223114014       0.47682106494903564       0.48044490814208984     
  0.50944793224334717       0.50442898273468018       0.48379993438720703       0.49171090126037598     
  0.51191693544387817       0.49964201450347900       0.46779298782348633       0.47164082527160645     
  0.49934798479080200       0.52044296264648438       0.48197293281555176       0.48525094985961914     
m=10000:n=850:k=850
  0.53867202997207642       0.54121398925781250       0.49986994266510010       0.50142693519592285     
  0.51784902811050415       0.52407288551330566       0.50702190399169922       0.49270105361938477     
  0.52997595071792603       0.52316606044769287       0.49292206764221191       0.50053906440734863     
  0.53366696834564209       0.54369306564331055       0.50212693214416504       0.49726986885070801     
  0.55924594402313232       0.54462695121765137       0.50011992454528809       0.49838304519653320     
m=10000:n=860:k=860
  0.53857994079589844       0.53503894805908203       0.49512481689453125       0.49591493606567383     
  0.53715002536773682       0.54047203063964844       0.49786698818206787       0.49502110481262207     
  0.54475206136703491       0.53667497634887695       0.50385093688964844       0.50719094276428223     
  0.53256905078887939       0.54873609542846680       0.49665391445159912       0.49548721313476562     
  0.51764094829559326       0.54248893260955811       0.50089597702026367       0.50752806663513184     
m=10000:n=870:k=870
  0.53925597667694092       0.52794599533081055       0.50720202922821045       0.50427794456481934     
  0.53861707448959351       0.53306400775909424       0.50783705711364746       0.49869489669799805     
  0.53878098726272583       0.53245091438293457       0.51101779937744141       0.50615096092224121     
  0.53367698192596436       0.53940296173095703       0.50641405582427979       0.50437307357788086     
  0.52836501598358154       0.54173696041107178       0.50777196884155273       0.51730084419250488     
m=10000:n=880:k=880
  0.56563901901245117       0.54369091987609863       0.52151107788085938       0.52596807479858398     
  0.56985110044479370       0.56338214874267578       0.52429509162902832       0.51909995079040527     
  0.56409507989883423       0.53811693191528320       0.52015304565429688       0.53056597709655762     
  0.56025505065917969       0.56023514270782471       0.52016592025756836       0.52726101875305176     
  0.56603199243545532       0.57204806804656982       0.53335309028625488       0.52947306632995605     
m=10000:n=890:k=890
  0.58163493871688843       0.56648182868957520       0.52575898170471191       0.53969907760620117     
  0.59514290094375610       0.57559394836425781       0.53452682495117188       0.52919816970825195     
  0.58776694536209106       0.55710601806640625       0.53812408447265625       0.54861617088317871     
  0.57125502824783325       0.56229496002197266       0.54100990295410156       0.53944396972656250     
  0.55653697252273560       0.58463203907012939       0.53607296943664551       0.54835915565490723     
m=10000:n=900:k=900
  0.60794591903686523       0.59205591678619385       0.54610300064086914       0.55134010314941406     
  0.59081494808197021       0.59578704833984375       0.54127287864685059       0.57265210151672363     
  0.60581004619598389       0.62189102172851562       0.56249094009399414       0.54426097869873047     
  0.58659797906875610       0.58388710021972656       0.55722403526306152       0.56609201431274414     
  0.59086996316909790       0.59820103645324707       0.54158711433410645       0.54463696479797363     
m=10000:n=910:k=910
  0.56452101469039917       0.57370710372924805       0.54928183555603027       0.55438208580017090     
  0.59420609474182129       0.57491612434387207       0.56661391258239746       0.55608296394348145     
  0.57227593660354614       0.57998704910278320       0.55413699150085449       0.55770421028137207     
  0.57001703977584839       0.56516993045806885       0.54966998100280762       0.55278897285461426     
  0.59963601827621460       0.60022211074829102       0.56677293777465820       0.54484605789184570     
m=10000:n=920:k=920
  0.61743807792663574       0.60415005683898926       0.56649184226989746       0.56552791595458984     
  0.61819601058959961       0.59496498107910156       0.58060288429260254       0.57048010826110840     
  0.62659907341003418       0.61072289943695068       0.56723690032958984       0.57026195526123047     
  0.61690807342529297       0.61469101905822754       0.55967688560485840       0.56724405288696289     
  0.61360090970993042       0.58468699455261230       0.56141614913940430       0.57380485534667969     
m=10000:n=930:k=930
  0.62112909555435181       0.63753700256347656       0.58088493347167969       0.58421111106872559     
  0.69222605228424072       0.64347195625305176       0.59754395484924316       0.58683872222900391     
  0.62585991621017456       0.63776290416717529       0.59789586067199707       0.60258388519287109     
  0.63455802202224731       0.64051508903503418       0.59908485412597656       0.59646606445312500     
  0.64145791530609131       0.63094496726989746       0.59489488601684570       0.58168315887451172     
m=10000:n=940:k=940
  0.63260805606842041       0.62717795372009277       0.59730887413024902       0.58897113800048828     
  0.64701294898986816       0.63827812671661377       0.58496499061584473       0.61265397071838379     
  0.63602507114410400       0.63338589668273926       0.59586906433105469       0.59490609169006348     
  0.61765301227569580       0.68021297454833984       0.60464787483215332       0.59659981727600098     
  0.65375202894210815       0.61572802066802979       0.59411907196044922       0.60180997848510742     
m=10000:n=950:k=950
  0.63393890857696533       0.64290595054626465       0.59831881523132324       0.62077307701110840     
  0.63153290748596191       0.63342797756195068       0.60543084144592285       0.60031890869140625     
  0.63659703731536865       0.61232590675354004       0.59775400161743164       0.60502600669860840     
  0.64694702625274658       0.63610100746154785       0.60028290748596191       0.60390591621398926     
  0.62489700317382812       0.63598299026489258       0.61214709281921387       0.60910797119140625     
m=10000:n=960:k=960
  0.68697094917297363       0.67363381385803223       0.64616394042968750       0.63174295425415039     
  0.67558002471923828       0.68754506111145020       0.62505292892456055       0.62148499488830566     
  0.65024495124816895       0.68256187438964844       0.62523102760314941       0.62146711349487305     
  0.69164490699768066       0.64254999160766602       0.62304401397705078       0.62932991981506348     
  0.72971999645233154       0.67052304744720459       0.62454605102539062       0.63117504119873047     
m=10000:n=970:k=970
  0.72599697113037109       0.68826103210449219       0.65036392211914062       0.64233708381652832     
  0.68060398101806641       0.67696285247802734       0.64746308326721191       0.65069007873535156     
  0.68365800380706787       0.67437887191772461       0.66509199142456055       0.64681410789489746     
  0.69438993930816650       0.67214298248291016       0.64982914924621582       0.64643502235412598     
  0.69324588775634766       0.70769512653350830       0.64332008361816406       0.68209505081176758     
m=10000:n=980:k=980
  0.72711801528930664       0.72165989875793457       0.66731595993041992       0.66471815109252930     
  0.74647796154022217       0.72397899627685547       0.66235518455505371       0.65592098236083984     
  0.72355806827545166       0.71382308006286621       0.64722895622253418       0.66335988044738770     
  0.69562602043151855       0.71088910102844238       0.67420816421508789       0.65443611145019531     
  0.69772100448608398       0.72209286689758301       0.66518688201904297       0.67180800437927246     
m=10000:n=990:k=990
  0.69416308403015137       0.69221615791320801       0.66603803634643555       0.68525099754333496     
  0.68953406810760498       0.68772900104522705       0.67409300804138184       0.67570590972900391     
  0.70181500911712646       0.68628704547882080       0.67747902870178223       0.67049694061279297     
  0.71206307411193848       0.67336893081665039       0.65007591247558594       0.66339111328125000     
  0.72770500183105469       0.69744193553924561       0.66304183006286621       0.66617298126220703     
m=10000:n=1000:k=1000
  0.70311713218688965       0.72196507453918457       0.67963600158691406       0.68183088302612305     
  0.70803391933441162       0.70213699340820312       0.68037486076354980       0.68408393859863281     
  0.71644198894500732       0.71525514125823975       0.66549801826477051       0.67462515830993652     
  0.70594501495361328       0.69879007339477539       0.67642402648925781       0.68286299705505371     
  0.72817599773406982       0.70766401290893555       0.67884802818298340       0.68686389923095703     
