m=10000:n=10:k=10
   7.9800002276897430E-004   2.4800002574920654E-004   2.5400007143616676E-004   2.6100035756826401E-004
   3.8200011476874352E-004   2.6000011712312698E-004   2.6599969714879990E-004   2.8000026941299438E-004
   4.2099971324205399E-004   5.6800013408064842E-004   2.9300013557076454E-004   2.5400007143616676E-004
   3.9499998092651367E-004   2.5499984622001648E-004   2.5200005620718002E-004   2.5699986144900322E-004
   4.3800007551908493E-004   2.5000004097819328E-004   2.5600008666515350E-004   2.5100028142333031E-004
m=10000:n=20:k=20
   7.3799956589937210E-004   5.3599942475557327E-004   5.9599988162517548E-004   6.1799958348274231E-004
   9.1100018471479416E-004   7.7100005000829697E-004   6.5200030803680420E-004   5.7199969887733459E-004
   8.9900009334087372E-004   5.7599972933530807E-004   5.7299993932247162E-004   5.7100038975477219E-004
   7.3000043630599976E-004   5.3500011563301086E-004   6.2299985438585281E-004   6.6200084984302521E-004
   7.8100059181451797E-004   5.7100038975477219E-004   7.1000028401613235E-004   6.8000052124261856E-004
m=10000:n=30:k=30
   1.4610001817345619E-003   1.5839999541640282E-003   1.2069996446371078E-003   1.1330004781484604E-003
   1.5190001577138901E-003   1.0900003835558891E-003   9.8500028252601624E-004   1.0110000148415565E-003
   1.5219999477267265E-003   1.3619996607303619E-003   1.7269998788833618E-003   1.6240011900663376E-003
   1.2759994715452194E-003   1.0349992662668228E-003   1.3840002939105034E-003   1.2950003147125244E-003
   1.5969993546605110E-003   1.8009999766945839E-003   1.4970004558563232E-003   1.2759994715452194E-003
m=10000:n=40:k=40
   2.9469989240169525E-003   1.7799995839595795E-003   1.8830001354217529E-003   1.8559992313385010E-003
   5.1889996975660324E-003   1.8879994750022888E-003   1.6360003501176834E-003   1.6390010714530945E-003
   2.3860009387135506E-003   1.9320007413625717E-003   1.7189998179674149E-003   1.6840007156133652E-003
   2.7069989591836929E-003   1.8210001289844513E-003   1.6990005970001221E-003   1.6930010169744492E-003
   2.0050005987286568E-003   1.8860008567571640E-003   1.6209986060857773E-003   1.5549995005130768E-003
m=10000:n=50:k=50
   3.3059995621442795E-003   3.2619982957839966E-003   3.2430011779069901E-003   3.8849990814924240E-003
   3.1209997832775116E-003   2.7430001646280289E-003   2.9260013252496719E-003   3.0790008604526520E-003
   3.2269991934299469E-003   2.8079990297555923E-003   2.7019996196031570E-003   3.0910000205039978E-003
   3.0639991164207458E-003   3.1269993633031845E-003   2.6150010526180267E-003   3.3240001648664474E-003
   3.2950006425380707E-003   3.3959988504648209E-003   2.6210006326436996E-003   2.8569996356964111E-003
m=10000:n=60:k=60
   5.5650006979703903E-003   3.8199983537197113E-003   3.6359988152980804E-003   3.9919987320899963E-003
   4.2660012841224670E-003   3.6039985716342926E-003   3.5350006073713303E-003   4.6800002455711365E-003
   4.2330008000135422E-003   4.9820002168416977E-003   3.4650005400180817E-003   3.6249980330467224E-003
   4.0630009025335312E-003   3.6669988185167313E-003   3.7939995527267456E-003   3.9010010659694672E-003
   4.3919999152421951E-003   3.9879996329545975E-003   3.6030001938343048E-003   4.5790001749992371E-003
m=10000:n=70:k=70
   5.4299980401992798E-003   5.1700025796890259E-003   4.7949999570846558E-003   5.2450001239776611E-003
   7.0009995251893997E-003   5.5469982326030731E-003   5.2330009639263153E-003   5.1450021564960480E-003
   5.3889993578195572E-003   4.9819983541965485E-003   5.4219998419284821E-003   5.2010007202625275E-003
   5.4059997200965881E-003   5.6980028748512268E-003   5.1909983158111572E-003   6.0429982841014862E-003
   5.9649981558322906E-003   6.1549991369247437E-003   4.8460029065608978E-003   4.7290027141571045E-003
m=10000:n=80:k=80
   7.3460005223751068E-003   6.2160007655620575E-003   7.0830024778842926E-003   6.3260011374950409E-003
   8.0939978361129761E-003   5.8749988675117493E-003   6.4710006117820740E-003   5.9860013425350189E-003
   7.4459984898567200E-003   6.1869993805885315E-003   5.9630014002323151E-003   6.1879977583885193E-003
   7.6779983937740326E-003   8.3750002086162567E-003   6.1479993164539337E-003   9.3469992280006409E-003
   8.7130032479763031E-003   8.6659975349903107E-003   7.1879997849464417E-003   6.5219998359680176E-003
m=10000:n=90:k=90
   1.3661000877618790E-002   1.3077996671199799E-002   1.1541999876499176E-002   1.2062005698680878E-002
   1.2715000659227371E-002   1.1858996003866196E-002   8.4870010614395142E-003   1.1629998683929443E-002
   1.2543000280857086E-002   9.6070021390914917E-003   1.0003000497817993E-002   1.1973999440670013E-002
   1.2347999960184097E-002   1.2361001223325729E-002   1.2483000755310059E-002   8.5079967975616455E-003
   1.1643998324871063E-002   1.3257000595331192E-002   1.3613998889923096E-002   1.1211000382900238E-002
m=10000:n=100:k=100
   1.4718998223543167E-002   1.5195004642009735E-002   1.1665999889373779E-002   1.3071998953819275E-002
   9.8449997603893280E-003   1.4056999236345291E-002   1.3085998594760895E-002   1.0760001838207245E-002
   1.4478001743555069E-002   1.4587000012397766E-002   1.3544000685214996E-002   1.5421003103256226E-002
   1.6182996332645416E-002   1.4531001448631287E-002   1.3152003288269043E-002   1.3612002134323120E-002
   1.3656999915838242E-002   1.4068998396396637E-002   1.4512002468109131E-002   1.3561002910137177E-002
m=10000:n=110:k=110
   1.2220002710819244E-002   1.0689005255699158E-002   1.0677002370357513E-002   1.0311998426914215E-002
   1.2126002460718155E-002   1.0230004787445068E-002   1.1174999177455902E-002   1.0743997991085052E-002
   1.1365998536348343E-002   1.1067993938922882E-002   1.0459996759891510E-002   1.0893002152442932E-002
   1.0986000299453735E-002   1.0990999639034271E-002   1.0673001408576965E-002   1.0226003825664520E-002
   1.0917000472545624E-002   1.0834999382495880E-002   1.0398000478744507E-002   1.0650999844074249E-002
m=10000:n=120:k=120
   1.3624995946884155E-002   1.3167001307010651E-002   1.2298002839088440E-002   1.2190006673336029E-002
   1.3901002705097198E-002   1.2950003147125244E-002   1.2503005564212799E-002   1.3065002858638763E-002
   1.3383999466896057E-002   1.1905997991561890E-002   1.2224003672599792E-002   1.1971995234489441E-002
   1.3103000819683075E-002   1.2272998690605164E-002   1.2729994952678680E-002   1.2077003717422485E-002
   1.2835003435611725E-002   1.1592999100685120E-002   1.2158997356891632E-002   1.2575998902320862E-002
m=10000:n=130:k=130
   1.5527002513408661E-002   1.4624997973442078E-002   1.5022002160549164E-002   1.5622995793819427E-002
   1.5107996761798859E-002   1.4210999011993408E-002   1.4760002493858337E-002   1.4491997659206390E-002
   1.5680998563766479E-002   1.6400001943111420E-002   1.4340996742248535E-002   1.4253005385398865E-002
   1.5234999358654022E-002   1.4455996453762054E-002   1.4515005052089691E-002   1.4599002897739410E-002
   1.5827000141143799E-002   1.5332996845245361E-002   1.5001997351646423E-002   1.5143997967243195E-002
m=10000:n=140:k=140
   1.7628997564315796E-002   1.6859993338584900E-002   1.7289005219936371E-002   1.7594993114471436E-002
   1.7007000744342804E-002   1.6280002892017365E-002   1.6503989696502686E-002   1.6142994165420532E-002
   1.7163999378681183E-002   1.6726002097129822E-002   1.6571007668972015E-002   1.6275003552436829E-002
   1.7514996230602264E-002   1.6824997961521149E-002   1.6782000660896301E-002   1.6672998666763306E-002
   1.8212996423244476E-002   1.8348000943660736E-002   1.6936004161834717E-002   1.6064003109931946E-002
m=10000:n=150:k=150
   1.9657000899314880E-002   1.7970994114875793E-002   1.8289998173713684E-002   1.8202006816864014E-002
   1.9303999841213226E-002   1.8578000366687775E-002   1.7747007310390472E-002   2.0235002040863037E-002
   1.9649006426334381E-002   1.8947996199131012E-002   1.8095999956130981E-002   1.8470004200935364E-002
   1.9124999642372131E-002   1.9039995968341827E-002   1.9061997532844543E-002   1.8764004111289978E-002
   1.9886992871761322E-002   1.8822997808456421E-002   1.7896994948387146E-002   1.8031001091003418E-002
m=10000:n=160:k=160
   2.2214993834495544E-002   2.0536988973617554E-002   2.0674005150794983E-002   2.0452007651329041E-002
   2.2585995495319366E-002   2.1145999431610107E-002   2.1090999245643616E-002   2.1324992179870605E-002
   2.2286005318164825E-002   2.0844005048274994E-002   2.1313995122909546E-002   2.1505996584892273E-002
   2.2389002144336700E-002   2.1123006939888000E-002   2.1579995751380920E-002   2.1742999553680420E-002
   2.1854005753993988E-002   2.0884998142719269E-002   2.0769000053405762E-002   2.1137997508049011E-002
m=10000:n=170:k=170
   2.5917999446392059E-002   2.4470008909702301E-002   2.3847997188568115E-002   2.3332998156547546E-002
   2.5820001959800720E-002   2.3729994893074036E-002   2.4214997887611389E-002   2.3354008793830872E-002
   2.5354005396366119E-002   2.4025991559028625E-002   2.3869991302490234E-002   2.3418009281158447E-002
   2.4942994117736816E-002   2.4136990308761597E-002   2.4008989334106445E-002   2.3788988590240479E-002
   2.5319002568721771E-002   2.4002999067306519E-002   2.3383006453514099E-002   2.3772999644279480E-002
m=10000:n=180:k=180
   2.8113998472690582E-002   2.7007997035980225E-002   2.5880008935928345E-002   2.6948004961013794E-002
   2.8608001768589020E-002   2.6732996106147766E-002   2.5833994150161743E-002   2.6352003216743469E-002
   2.7084000408649445E-002   2.6675999164581299E-002   2.7049988508224487E-002   2.6105999946594238E-002
   2.7422994375228882E-002   2.6773005723953247E-002   2.6392012834548950E-002   2.5649994611740112E-002
   2.7424998581409454E-002   2.6431009173393250E-002   2.5969997048377991E-002   2.5715991854667664E-002
m=10000:n=190:k=190
   3.1124994158744812E-002   3.1116008758544922E-002   2.8494998812675476E-002   2.7990996837615967E-002
   3.1337998807430267E-002   2.9405012726783752E-002   2.8879001736640930E-002   2.8646007180213928E-002
   3.1688995659351349E-002   2.9786989092826843E-002   2.9731988906860352E-002   3.0644997954368591E-002
   3.0752003192901611E-002   2.9653996229171753E-002   2.8837993741035461E-002   2.8709992766380310E-002
   3.1122989952564240E-002   2.9697999358177185E-002   2.9125005006790161E-002   2.9155999422073364E-002
m=10000:n=200:k=200
   3.3233001828193665E-002   3.2058998942375183E-002   3.1736001372337341E-002   3.2817006111145020E-002
   3.2760992646217346E-002   3.2315000891685486E-002   3.0735999345779419E-002   3.1679004430770874E-002
   3.4538991749286652E-002   3.2932996749877930E-002   3.5275995731353760E-002   3.1809002161026001E-002
   3.4320995211601257E-002   3.2967999577522278E-002   3.2388001680374146E-002   3.2684013247489929E-002
   3.3836007118225098E-002   3.2211005687713623E-002   3.1755998730659485E-002   3.1797006726264954E-002
m=10000:n=210:k=210
   3.8194000720977783E-002   3.6055997014045715E-002   3.5174995660781860E-002   3.7061989307403564E-002
   3.9930000901222229E-002   3.6808997392654419E-002   3.6975994706153870E-002   3.7537008523941040E-002
   4.0198996663093567E-002   3.7596002221107483E-002   3.6507993936538696E-002   3.6280006170272827E-002
   4.0185004472732544E-002   3.7910997867584229E-002   3.6219999194145203E-002   3.6838009953498840E-002
   3.9479002356529236E-002   3.8475006818771362E-002   3.6786004900932312E-002   3.7500977516174316E-002
m=10000:n=220:k=220
   4.0877997875213623E-002   4.1489005088806152E-002   4.0235012769699097E-002   3.9359986782073975E-002
   4.3173000216484070E-002   3.9955988526344299E-002   3.8658991456031799E-002   3.8752019405364990E-002
   4.3204009532928467E-002   4.0866002440452576E-002   3.9488002657890320E-002   3.8644999265670776E-002
   4.2571008205413818E-002   4.0310010313987732E-002   4.0113002061843872E-002   3.8731008768081665E-002
   4.2728990316390991E-002   4.2027011513710022E-002   4.0354996919631958E-002   4.0314018726348877E-002
m=10000:n=230:k=230
   4.6261996030807495E-002   4.4635012745857239E-002   4.2482018470764160E-002   4.2264997959136963E-002
   4.5195013284683228E-002   4.3753996491432190E-002   4.2571991682052612E-002   4.3855994939804077E-002
   4.5105010271072388E-002   4.3157994747161865E-002   4.0655016899108887E-002   4.2118996381759644E-002
   4.8069998621940613E-002   4.2782008647918701E-002   4.2489990592002869E-002   4.2646020650863647E-002
   4.7067999839782715E-002   4.5912012457847595E-002   4.3395996093750000E-002   4.1651010513305664E-002
m=10000:n=240:k=240
   5.2371993660926819E-002   4.8564985394477844E-002   4.7570019960403442E-002   4.8144996166229248E-002
   5.0209999084472656E-002   4.9478992819786072E-002   4.7700017690658569E-002   4.6317011117935181E-002
   4.9452990293502808E-002   4.7714993357658386E-002   4.6264976263046265E-002   4.7057002782821655E-002
   4.8888996243476868E-002   4.7023996710777283E-002   4.6523988246917725E-002   4.6840012073516846E-002
   5.1771998405456543E-002   4.7289997339248657E-002   4.5973986387252808E-002   4.5601010322570801E-002
m=10000:n=250:k=250
   5.4582998156547546E-002   5.1606997847557068E-002   5.0416022539138794E-002   5.1137983798980713E-002
   5.4033994674682617E-002   5.0600990653038025E-002   4.9107998609542847E-002   5.1028013229370117E-002
   5.2430987358093262E-002   5.1706001162528992E-002   4.9886971712112427E-002   5.0628989934921265E-002
   5.5284991860389709E-002   5.3245991468429565E-002   5.0601005554199219E-002   4.8684000968933105E-002
   5.4647997021675110E-002   5.0733000040054321E-002   4.9648016691207886E-002   4.9984991550445557E-002
m=10000:n=260:k=260
   5.8168992400169373E-002   5.5884003639221191E-002   5.3470999002456665E-002   5.2531987428665161E-002
   5.8569997549057007E-002   5.5983006954193115E-002   5.3879022598266602E-002   5.4360002279281616E-002
   5.8460995554924011E-002   5.4077982902526855E-002   5.1984012126922607E-002   5.2871018648147583E-002
   6.1468005180358887E-002   5.8060020208358765E-002   5.3420007228851318E-002   5.4978996515274048E-002
   5.8662012219429016E-002   5.7337999343872070E-002   5.4285973310470581E-002   5.4517984390258789E-002
m=10000:n=270:k=270
   6.0632988810539246E-002   5.7117015123367310E-002   5.6951016187667847E-002   5.6613981723785400E-002
   6.1490997672080994E-002   5.7913005352020264E-002   5.5610001087188721E-002   5.7128995656967163E-002
   6.1916992068290710E-002   5.9568017721176147E-002   5.8977991342544556E-002   5.5950999259948730E-002
   6.3620999455451965E-002   5.8856010437011719E-002   5.8118999004364014E-002   5.7548016309738159E-002
   6.4008980989456177E-002   6.0302972793579102E-002   5.6465983390808105E-002   5.7016015052795410E-002
m=10000:n=280:k=280
   6.4119994640350342E-002   6.2267988920211792E-002   6.0635000467300415E-002   6.1720997095108032E-002
   6.7247003316879272E-002   6.1395019292831421E-002   6.2626004219055176E-002   6.2047004699707031E-002
   6.5275013446807861E-002   6.4693003892898560E-002   6.1453998088836670E-002   6.1789005994796753E-002
   6.2469005584716797E-002   6.2158018350601196E-002   6.2757998704910278E-002   6.3363999128341675E-002
   6.7411005496978760E-002   6.3555985689163208E-002   6.3282996416091919E-002   6.5018981695175171E-002
m=10000:n=290:k=290
   7.6240003108978271E-002   7.2122991085052490E-002   6.9988012313842773E-002   7.0340991020202637E-002
   7.7187016606330872E-002   7.2199016809463501E-002   7.0798993110656738E-002   6.9678992033004761E-002
   7.4441999197006226E-002   7.3192000389099121E-002   6.8326979875564575E-002   7.1505993604660034E-002
   7.4274986982345581E-002   7.0870995521545410E-002   6.8563997745513916E-002   6.9624990224838257E-002
   7.6491996645927429E-002   7.2380989789962769E-002   6.9678992033004761E-002   7.0855021476745605E-002
m=10000:n=300:k=300
   7.7331006526947021E-002   7.4731975793838501E-002   7.4366003274917603E-002   7.2502017021179199E-002
   7.9230010509490967E-002   7.6038002967834473E-002   7.3567003011703491E-002   7.3441982269287109E-002
   8.1407010555267334E-002   7.5924992561340332E-002   7.6741993427276611E-002   7.2296023368835449E-002
   7.7825009822845459E-002   7.6871007680892944E-002   7.3774993419647217E-002   7.4609994888305664E-002
   7.7418982982635498E-002   7.7077001333236694E-002   7.4616998434066772E-002   7.5465977191925049E-002
m=10000:n=310:k=310
   8.1943005323410034E-002   7.6542019844055176E-002   7.4378997087478638E-002   7.2683036327362061E-002
   8.3523005247116089E-002   7.8128010034561157E-002   7.6492995023727417E-002   7.6074004173278809E-002
   8.1578999757766724E-002   7.9571008682250977E-002   7.4128985404968262E-002   7.3452949523925781E-002
   7.9964011907577515E-002   8.1010997295379639E-002   7.3368996381759644E-002   7.6666027307510376E-002
   8.1526994705200195E-002   7.7494025230407715E-002   7.8550010919570923E-002   7.6061010360717773E-002
m=10000:n=320:k=320
   8.5730999708175659E-002   8.3669006824493408E-002   8.1705003976821899E-002   8.3267033100128174E-002
   8.7709993124008179E-002   8.4363996982574463E-002   8.2641005516052246E-002   8.1741988658905029E-002
   8.7788999080657959E-002   8.5103005170822144E-002   8.3620041608810425E-002   8.3709001541137695E-002
   8.6414009332656860E-002   8.3336979150772095E-002   8.2591027021408081E-002   8.0830991268157959E-002
   8.6382001638412476E-002   8.3056002855300903E-002   8.2528024911880493E-002   8.5018992424011230E-002
m=10000:n=330:k=330
   9.2395991086959839E-002   8.9756011962890625E-002   8.8461965322494507E-002   8.7597966194152832E-002
   9.2698007822036743E-002   8.9425981044769287E-002   8.4916979074478149E-002   8.5671961307525635E-002
   8.9533001184463501E-002   8.6385011672973633E-002   8.4776014089584351E-002   8.6758017539978027E-002
   9.3149006366729736E-002   9.0416997671127319E-002   8.8074982166290283E-002   9.0776979923248291E-002
   9.4652026891708374E-002   9.8035007715225220E-002   8.9444965124130249E-002   8.8131964206695557E-002
m=10000:n=340:k=340
   9.9741995334625244E-002   9.7413986921310425E-002   9.4784975051879883E-002   9.2436969280242920E-002
   9.9460005760192871E-002   9.8696023225784302E-002   9.6958994865417480E-002  0.10037297010421753     
  0.10541698336601257        9.9793970584869385E-002   9.6104979515075684E-002   9.5561981201171875E-002
  0.10461401939392090       0.10186201333999634        9.6000015735626221E-002   9.8448991775512695E-002
  0.10622599720954895       0.10673600435256958        9.5896005630493164E-002   9.5955967903137207E-002
m=10000:n=350:k=350
  0.11630398035049438       0.11279502511024475        9.7352027893066406E-002   9.8886966705322266E-002
  0.11063799262046814       0.10670498013496399       0.10126399993896484        9.9228024482727051E-002
  0.10586699843406677       0.10025599598884583        9.5287024974822998E-002   9.5876991748809814E-002
  0.10601001977920532       0.10581901669502258        9.2401027679443359E-002   9.6428990364074707E-002
  0.10334101319313049       0.10018000006675720        9.6330046653747559E-002   9.6611976623535156E-002
m=10000:n=360:k=360
  0.11126798391342163       0.10584399104118347        9.9867045879364014E-002   9.8214983940124512E-002
  0.11144500970840454       0.10580900311470032       0.10316401720046997       0.10192900896072388     
  0.10896700620651245       0.10613599419593811       0.10109800100326538       0.10182297229766846     
  0.10592901706695557       0.10653799772262573       0.10120898485183716       0.10357004404067993     
  0.10717099905014038       0.10983699560165405       0.10208004713058472       0.10126501321792603     
m=10000:n=370:k=370
  0.12114700675010681       0.11561602354049683       0.10890197753906250       0.11014097929000854     
  0.12413299083709717       0.12196001410484314       0.10898703336715698       0.11070901155471802     
  0.12430298328399658       0.12251898646354675       0.11131799221038818       0.10982501506805420     
  0.11919900774955750       0.11930301785469055       0.10955703258514404       0.11160302162170410     
  0.12710201740264893       0.12426298856735229       0.11077904701232910       0.10879802703857422     
m=10000:n=380:k=380
  0.12919199466705322       0.12269401550292969       0.11284303665161133       0.11562299728393555     
  0.13773399591445923       0.13677704334259033       0.12081301212310791       0.11847305297851562     
  0.13298296928405762       0.12726402282714844       0.11734998226165771       0.11703002452850342     
  0.12960401177406311       0.12623298168182373       0.12059199810028076       0.11832898855209351     
  0.13577100634574890       0.13042199611663818       0.12332099676132202       0.11385798454284668     
m=10000:n=390:k=390
  0.13296398520469666       0.12801796197891235       0.11845201253890991       0.11954098939895630     
  0.12878599762916565       0.12955701351165771       0.11806100606918335       0.11619102954864502     
  0.12761303782463074       0.12719500064849854       0.11715400218963623       0.11627197265625000     
  0.13088002800941467       0.12863796949386597       0.12052100896835327       0.11734998226165771     
  0.13585597276687622       0.13050699234008789       0.11877501010894775       0.12053298950195312     
m=10000:n=400:k=400
  0.13461902737617493       0.13637202978134155       0.12610304355621338       0.12679803371429443     
  0.14920902252197266       0.14336597919464111       0.13215994834899902       0.12794297933578491     
  0.14145299792289734       0.13514095544815063       0.12281900644302368       0.12363398075103760     
  0.14741200208663940       0.14105200767517090       0.13039702177047729       0.13109296560287476     
  0.14910897612571716       0.14226299524307251       0.12837100028991699       0.13121598958969116     
m=10000:n=410:k=410
  0.15364903211593628       0.14915102720260620       0.13672798871994019       0.13648104667663574     
  0.15686801075935364       0.15289300680160522       0.14176201820373535       0.13690507411956787     
  0.15692201256752014       0.15295302867889404       0.13823395967483521       0.13831496238708496     
  0.15637600421905518       0.15220296382904053       0.13515704870223999       0.13725894689559937     
  0.15746003389358521       0.15530598163604736       0.14117896556854248       0.14046692848205566     
m=10000:n=420:k=420
  0.16590100526809692       0.16507601737976074       0.14681804180145264       0.14390796422958374     
  0.15871098637580872       0.15973198413848877       0.14265900850296021       0.14284098148345947     
  0.16663298010826111       0.15062904357910156       0.14570003747940063       0.14299905300140381     
  0.16409397125244141       0.16315400600433350       0.14633399248123169       0.14423102140426636     
  0.16481101512908936       0.16093903779983521       0.14228701591491699       0.14448302984237671     
m=10000:n=430:k=430
  0.16483700275421143       0.15992903709411621       0.14349699020385742       0.14306795597076416     
  0.16657501459121704       0.15962302684783936       0.14731401205062866       0.14607596397399902     
  0.16739398241043091       0.16390299797058105       0.14538598060607910       0.14717495441436768     
  0.16569501161575317       0.16194498538970947       0.15001398324966431       0.14551901817321777     
  0.15394502878189087       0.15470701456069946       0.13973498344421387       0.14204096794128418     
m=10000:n=440:k=440
  0.15553399920463562       0.15643900632858276       0.14931797981262207       0.15032798051834106     
  0.16386401653289795       0.15966105461120605       0.14921599626541138       0.14733004570007324     
  0.16546100378036499       0.16389602422714233       0.15079897642135620       0.15432894229888916     
  0.16543397307395935       0.16462600231170654       0.15088403224945068       0.15049403905868530     
  0.17123597860336304       0.16727000474929810       0.14854502677917480       0.15207701921463013     
m=10000:n=450:k=450
  0.18793597817420959       0.18357598781585693       0.16308593750000000       0.16456806659698486     
  0.17158100008964539       0.17437899112701416       0.15503901243209839       0.15527999401092529     
  0.17840597033500671       0.16996496915817261       0.15624201297760010       0.15664505958557129     
  0.16706302762031555       0.16492998600006104       0.15535998344421387       0.15744197368621826     
  0.17865797877311707       0.17091900110244751       0.15791898965835571       0.15479797124862671     
m=10000:n=460:k=460
  0.17449399828910828       0.17099797725677490       0.16168802976608276       0.16123199462890625     
  0.18126800656318665       0.17119199037551880       0.15777903795242310       0.15933007001876831     
  0.17084199190139771       0.17300903797149658       0.15966701507568359       0.15707200765609741     
  0.17500299215316772       0.16848999261856079       0.15608900785446167       0.15584599971771240     
  0.18415498733520508       0.17234998941421509       0.16363996267318726       0.16320800781250000     
m=10000:n=470:k=470
  0.18574598431587219       0.17954397201538086       0.16251802444458008       0.16526293754577637     
  0.18806397914886475       0.18605101108551025       0.16413098573684692       0.16373395919799805     
  0.18686294555664062       0.18361896276473999       0.16802400350570679       0.16813099384307861     
  0.19162297248840332       0.19069796800613403       0.17220199108123779       0.16989898681640625     
  0.19196197390556335       0.19191300868988037       0.16910994052886963       0.16432404518127441     
m=10000:n=480:k=480
  0.19300800561904907       0.19272303581237793       0.17469197511672974       0.18022799491882324     
  0.18273597955703735       0.19083899259567261       0.17369002103805542       0.17457091808319092     
  0.19147598743438721       0.18030202388763428       0.16967797279357910       0.17138898372650146     
  0.19321399927139282       0.19616997241973877       0.17880195379257202       0.17721700668334961     
  0.19463998079299927       0.19028300046920776       0.17152196168899536       0.17490804195404053     
m=10000:n=490:k=490
  0.21227198839187622       0.20574796199798584       0.18045800924301147       0.18401992321014404     
  0.19759696722030640       0.19650900363922119       0.18160909414291382       0.19110500812530518     
  0.20126098394393921       0.19232398271560669       0.18030601739883423       0.18418002128601074     
  0.20618599653244019       0.19732499122619629       0.18373805284500122       0.18370997905731201     
  0.20992797613143921       0.20844602584838867       0.18609797954559326       0.18898105621337891     
m=10000:n=500:k=500
  0.21931099891662598       0.21565896272659302       0.19028693437576294       0.19863998889923096     
  0.21858197450637817       0.21913391351699829       0.19683504104614258       0.19208991527557373     
  0.21730500459671021       0.21051698923110962       0.19199597835540771       0.19127810001373291     
  0.21886199712753296       0.21273499727249146       0.19483995437622070       0.19795703887939453     
  0.22345000505447388       0.21849697828292847       0.19355905055999756       0.18815600872039795     
m=10000:n=510:k=510
  0.21748995780944824       0.21833699941635132       0.19182002544403076       0.19444596767425537     
  0.22292798757553101       0.22481197118759155       0.19529604911804199       0.19712400436401367     
  0.21981602907180786       0.22036504745483398       0.19422507286071777       0.19440102577209473     
  0.21978497505187988       0.21333396434783936       0.19336295127868652       0.19493103027343750     
  0.21385794878005981       0.21728199720382690       0.19945901632308960       0.20181000232696533     
m=10000:n=520:k=520
  0.22886699438095093       0.22840893268585205       0.21052896976470947       0.20758891105651855     
  0.23059695959091187       0.22498399019241333       0.20692300796508789       0.20907795429229736     
  0.23474699258804321       0.22864896059036255       0.20591092109680176       0.20027506351470947     
  0.21816998720169067       0.21612292528152466       0.20536196231842041       0.20271992683410645     
  0.21958303451538086       0.21622294187545776       0.20361697673797607       0.19850492477416992     
m=10000:n=530:k=530
  0.23484599590301514       0.23251205682754517       0.21443498134613037       0.21365797519683838     
  0.23966097831726074       0.23521494865417480       0.21111202239990234       0.21602904796600342     
  0.24041694402694702       0.24245995283126831       0.21353697776794434       0.21813201904296875     
  0.23462700843811035       0.23580700159072876       0.21288800239562988       0.21204900741577148     
  0.23606997728347778       0.22916799783706665       0.20904207229614258       0.21393096446990967     
m=10000:n=540:k=540
  0.24445700645446777       0.24938404560089111       0.21811699867248535       0.22047293186187744     
  0.25480997562408447       0.25366199016571045       0.22120094299316406       0.22263300418853760     
  0.25151801109313965       0.25075608491897583       0.22097110748291016       0.22053408622741699     
  0.24853301048278809       0.24548900127410889       0.21981298923492432       0.22063207626342773     
  0.24921000003814697       0.24510496854782104       0.21766698360443115       0.21867203712463379     
m=10000:n=550:k=550
  0.24629294872283936       0.24972695112228394       0.22715604305267334       0.22022700309753418     
  0.25612396001815796       0.24677705764770508       0.22367691993713379       0.22386884689331055     
  0.25292003154754639       0.25325900316238403       0.22370803356170654       0.22008991241455078     
  0.25558298826217651       0.24396204948425293       0.22132503986358643       0.21991908550262451     
  0.24441200494766235       0.24462008476257324       0.21902501583099365       0.22228896617889404     
m=10000:n=560:k=560
  0.26317000389099121       0.26700699329376221       0.24390900135040283       0.24432897567749023     
  0.26545602083206177       0.26860499382019043       0.23532807826995850       0.24142193794250488     
  0.26565301418304443       0.26732200384140015       0.24267697334289551       0.24105000495910645     
  0.26557803153991699       0.26622396707534790       0.23899805545806885       0.23750698566436768     
  0.27560198307037354       0.26423496007919312       0.24077904224395752       0.23968696594238281     
m=10000:n=570:k=570
  0.27161198854446411       0.26460701227188110       0.24065399169921875       0.24425601959228516     
  0.28018295764923096       0.26596003770828247       0.24585592746734619       0.24308907985687256     
  0.27030599117279053       0.26342302560806274       0.23813700675964355       0.23813390731811523     
  0.26623302698135376       0.26676505804061890       0.24177598953247070       0.24067103862762451     
  0.26533198356628418       0.26290506124496460       0.23969101905822754       0.24335205554962158     
m=10000:n=580:k=580
  0.28618705272674561       0.27751898765563965       0.25159204006195068       0.24760103225708008     
  0.28108900785446167       0.27050995826721191       0.24970805644989014       0.25243902206420898     
  0.29383403062820435       0.29218006134033203       0.25588703155517578       0.25561904907226562     
  0.29221999645233154       0.28975701332092285       0.25880706310272217       0.25986909866333008     
  0.29209095239639282       0.28819596767425537       0.25803613662719727       0.26012897491455078     
m=10000:n=590:k=590
  0.28848499059677124       0.28735196590423584       0.26115405559539795       0.26356399059295654     
  0.28411692380905151       0.28485894203186035       0.26014602184295654       0.25712299346923828     
  0.28784400224685669       0.28040695190429688       0.25407493114471436       0.25759601593017578     
  0.29473501443862915       0.28767800331115723       0.25662600994110107       0.25320506095886230     
  0.28523302078247070       0.28529500961303711       0.25436890125274658       0.25214385986328125     
m=10000:n=600:k=600
  0.30590105056762695       0.29771506786346436       0.26570105552673340       0.26659393310546875     
  0.29747802019119263       0.29085588455200195       0.27084398269653320       0.26791715621948242     
  0.29557895660400391       0.29529201984405518       0.27186095714569092       0.27344298362731934     
  0.29789602756500244       0.29409003257751465       0.27015912532806396       0.26758098602294922     
  0.29728800058364868       0.29484903812408447       0.27479600906372070       0.26913189888000488     
m=10000:n=610:k=610
  0.31642603874206543       0.31169092655181885       0.28150296211242676       0.28514003753662109     
  0.31930303573608398       0.31828701496124268       0.28076899051666260       0.28791594505310059     
  0.31503897905349731       0.31502997875213623       0.28534007072448730       0.28687214851379395     
  0.31237405538558960       0.31542897224426270       0.28659594058990479       0.28787207603454590     
  0.31968307495117188       0.31837809085845947       0.28701996803283691       0.29068088531494141     
m=10000:n=620:k=620
  0.31603205204010010       0.31259596347808838       0.28889203071594238       0.28585314750671387     
  0.31999504566192627       0.31893706321716309       0.28989386558532715       0.29077982902526855     
  0.32384699583053589       0.32073795795440674       0.29237890243530273       0.29215908050537109     
  0.31972098350524902       0.32476496696472168       0.29123997688293457       0.29091608524322510     
  0.32352602481842041       0.30941605567932129       0.28241705894470215       0.28180086612701416     
m=10000:n=630:k=630
  0.32930499315261841       0.31862008571624756       0.28670108318328857       0.28639817237854004     
  0.31722301244735718       0.31658804416656494       0.29181599617004395       0.28364014625549316     
  0.32086700201034546       0.31435894966125488       0.28348088264465332       0.28748202323913574     
  0.32607698440551758       0.32036900520324707       0.29218006134033203       0.29075002670288086     
  0.32189601659774780       0.31850004196166992       0.28725409507751465       0.28794097900390625     
m=10000:n=640:k=640
  0.34475898742675781       0.34386193752288818       0.31041502952575684       0.30790996551513672     
  0.34832996129989624       0.34330105781555176       0.31128299236297607       0.30689990520477295     
  0.34150105714797974       0.33858799934387207       0.31409907341003418       0.30967116355895996     
  0.33441197872161865       0.33917403221130371       0.30565989017486572       0.30692791938781738     
  0.34422296285629272       0.34790897369384766       0.31110894680023193       0.30173707008361816     
m=10000:n=650:k=650
  0.35893195867538452       0.35527503490447998       0.31843495368957520       0.31583511829376221     
  0.35106998682022095       0.34759795665740967       0.31320095062255859       0.31312692165374756     
  0.34965699911117554       0.34645700454711914       0.31841790676116943       0.31562709808349609     
  0.35040402412414551       0.35353493690490723       0.32254290580749512       0.31844604015350342     
  0.36050999164581299       0.35982799530029297       0.31741094589233398       0.31597208976745605     
m=10000:n=660:k=660
  0.37169396877288818       0.37209510803222656       0.33946490287780762       0.33049893379211426     
  0.38261508941650391       0.37582111358642578       0.33605492115020752       0.33174896240234375     
  0.37895095348358154       0.36586105823516846       0.32840299606323242       0.32779121398925781     
  0.36769098043441772       0.36197996139526367       0.32897710800170898       0.33177804946899414     
  0.36830896139144897       0.36645495891571045       0.32702589035034180       0.32444381713867188     
m=10000:n=670:k=670
  0.36856299638748169       0.36722207069396973       0.32310795783996582       0.32905101776123047     
  0.37253695726394653       0.37015891075134277       0.33066987991333008       0.32844591140747070     
  0.37289905548095703       0.36599111557006836       0.34344696998596191       0.34625601768493652     
  0.36960595846176147       0.36229002475738525       0.32731306552886963       0.32660698890686035     
  0.37768095731735229       0.37323510646820068       0.33538901805877686       0.33604812622070312     
m=10000:n=680:k=680
  0.37969893217086792       0.37989687919616699       0.34676694869995117       0.34488201141357422     
  0.37711107730865479       0.37634110450744629       0.34881091117858887       0.33857202529907227     
  0.37258493900299072       0.37172603607177734       0.33817481994628906       0.34412288665771484     
  0.37006795406341553       0.36930203437805176       0.34279084205627441       0.33515310287475586     
  0.37314999103546143       0.37427103519439697       0.33816504478454590       0.34283494949340820     
m=10000:n=690:k=690
  0.38707399368286133       0.40128493309020996       0.35683798789978027       0.35479807853698730     
  0.39133000373840332       0.39702796936035156       0.36486196517944336       0.36549019813537598     
  0.40289402008056641       0.40268802642822266       0.36226809024810791       0.35899496078491211     
  0.41350305080413818       0.40388894081115723       0.36672306060791016       0.36144280433654785     
  0.40137106180191040       0.39862406253814697       0.36130094528198242       0.35848093032836914     
m=10000:n=700:k=700
  0.41671311855316162       0.40838909149169922       0.36677908897399902       0.36699819564819336     
  0.40831899642944336       0.40211796760559082       0.35520410537719727       0.35631203651428223     
  0.39889502525329590       0.39342892169952393       0.36565506458282471       0.36131000518798828     
  0.39840602874755859       0.39828300476074219       0.36124110221862793       0.36230397224426270     
  0.40315902233123779       0.39474105834960938       0.36778903007507324       0.37053298950195312     
m=10000:n=710:k=710
  0.41252094507217407       0.42138004302978516       0.37101793289184570       0.36965680122375488     
  0.41259407997131348       0.40169000625610352       0.37620592117309570       0.37159109115600586     
  0.41801404953002930       0.41898906230926514       0.37341809272766113       0.37576103210449219     
  0.42252600193023682       0.41797709465026855       0.37480711936950684       0.37326312065124512     
  0.41077494621276855       0.39303612709045410       0.36170697212219238       0.36618208885192871     
m=10000:n=720:k=720
  0.42425692081451416       0.41853296756744385       0.37995409965515137       0.38231205940246582     
  0.42641103267669678       0.41785192489624023       0.38141489028930664       0.39181494712829590     
  0.42053699493408203       0.43333303928375244       0.38823997974395752       0.38993692398071289     
  0.43206691741943359       0.42458796501159668       0.39694488048553467       0.38832712173461914     
  0.43006706237792969       0.44264793395996094       0.39632797241210938       0.38712501525878906     
m=10000:n=730:k=730
  0.46105492115020752       0.45202112197875977       0.40838098526000977       0.40567994117736816     
  0.45371210575103760       0.45192313194274902       0.41344213485717773       0.40062522888183594     
  0.43497407436370850       0.43207705020904541       0.39714407920837402       0.39641785621643066     
  0.43588006496429443       0.44031906127929688       0.40097296237945557       0.38989496231079102     
  0.44668006896972656       0.43717908859252930       0.39730703830718994       0.39068508148193359     
m=10000:n=740:k=740
  0.45709788799285889       0.45843195915222168       0.39875507354736328       0.39973402023315430     
  0.46216702461242676       0.44730687141418457       0.40789890289306641       0.41428780555725098     
  0.45877707004547119       0.45451593399047852       0.41011881828308105       0.42352390289306641     
  0.46361291408538818       0.46615505218505859       0.40965199470520020       0.41797709465026855     
  0.46507394313812256       0.46664404869079590       0.42010498046875000       0.41863083839416504     
m=10000:n=750:k=750
  0.47030603885650635       0.47339415550231934       0.41636991500854492       0.41905593872070312     
  0.47645294666290283       0.46201705932617188       0.40996599197387695       0.40747094154357910     
  0.45934700965881348       0.45305395126342773       0.40620517730712891       0.40318512916564941     
  0.46741390228271484       0.45743298530578613       0.40665984153747559       0.41530275344848633     
  0.45595192909240723       0.46556198596954346       0.42199802398681641       0.42224693298339844     
m=10000:n=760:k=760
  0.47673094272613525       0.47342705726623535       0.42027401924133301       0.41793608665466309     
  0.47980904579162598       0.47701489925384521       0.42886209487915039       0.43086600303649902     
  0.48372602462768555       0.48573696613311768       0.42789125442504883       0.43446397781372070     
  0.46577298641204834       0.46640396118164062       0.42986488342285156       0.42667698860168457     
  0.46818494796752930       0.46038889884948730       0.42782688140869141       0.42674493789672852     
m=10000:n=770:k=770
  0.49334311485290527       0.50069212913513184       0.44182801246643066       0.44162392616271973     
  0.50817096233367920       0.49417495727539062       0.44227504730224609       0.45112514495849609     
  0.49428391456604004       0.49259793758392334       0.44740796089172363       0.44740200042724609     
  0.48547911643981934       0.49455511569976807       0.45318412780761719       0.45451283454895020     
  0.50715196132659912       0.51556396484375000       0.45245909690856934       0.45404410362243652     
m=10000:n=780:k=780
  0.51674294471740723       0.50779402256011963       0.45060110092163086       0.44629907608032227     
  0.50159406661987305       0.49189102649688721       0.44562602043151855       0.45696306228637695     
  0.49857008457183838       0.50931811332702637       0.45787119865417480       0.45706605911254883     
  0.51138901710510254       0.50491404533386230       0.45354080200195312       0.44513702392578125     
  0.50004208087921143       0.49237585067749023       0.44376802444458008       0.45495200157165527     
m=10000:n=790:k=790
  0.51783907413482666       0.51778578758239746       0.45026302337646484       0.45715785026550293     
  0.52492499351501465       0.53056895732879639       0.46189689636230469       0.46115922927856445     
  0.52710795402526855       0.51657593250274658       0.46630883216857910       0.46485686302185059     
  0.51073503494262695       0.50351893901824951       0.45012497901916504       0.44851303100585938     
  0.49780905246734619       0.51223194599151611       0.45048999786376953       0.46209502220153809     
m=10000:n=800:k=800
  0.51612293720245361       0.51573789119720459       0.48072004318237305       0.48217511177062988     
  0.52734601497650146       0.52379095554351807       0.47049283981323242       0.47105598449707031     
  0.53046405315399170       0.51960813999176025       0.48385596275329590       0.47622990608215332     
  0.51898801326751709       0.51562500000000000       0.47832989692687988       0.48274588584899902     
  0.52382898330688477       0.52578604221343994       0.48433399200439453       0.47988200187683105     
m=10000:n=810:k=810
  0.56184005737304688       0.54386806488037109       0.48226690292358398       0.49239110946655273     
  0.54793298244476318       0.53853917121887207       0.48309397697448730       0.49166703224182129     
  0.53586196899414062       0.53223204612731934       0.47993898391723633       0.48186302185058594     
  0.55155694484710693       0.53941392898559570       0.48475098609924316       0.48224401473999023     
  0.54345488548278809       0.53280305862426758       0.47645187377929688       0.49136495590209961     
m=10000:n=820:k=820
  0.56024897098541260       0.56505000591278076       0.50590515136718750       0.50330209732055664     
  0.58474791049957275       0.57005381584167480       0.50479006767272949       0.50493001937866211     
  0.58063292503356934       0.57223677635192871       0.50362300872802734       0.51011991500854492     
  0.56799292564392090       0.57116603851318359       0.51317214965820312       0.49477791786193848     
  0.57415199279785156       0.56004786491394043       0.49413084983825684       0.49433588981628418     
m=10000:n=830:k=830
  0.57760798931121826       0.57016301155090332       0.49291992187500000       0.50303292274475098     
  0.57083606719970703       0.57815003395080566       0.50561714172363281       0.50236082077026367     
  0.59437084197998047       0.57660198211669922       0.50132703781127930       0.51313805580139160     
  0.57508695125579834       0.56166291236877441       0.50069522857666016       0.51035809516906738     
  0.58120000362396240       0.58788299560546875       0.51921010017395020       0.51049685478210449     
m=10000:n=840:k=840
  0.61089503765106201       0.58849906921386719       0.51656913757324219       0.52051591873168945     
  0.58853912353515625       0.57624006271362305       0.52113103866577148       0.51891803741455078     
  0.58552491664886475       0.58986592292785645       0.51649308204650879       0.51153993606567383     
  0.58702707290649414       0.57878398895263672       0.51787090301513672       0.52231311798095703     
  0.59112882614135742       0.60157299041748047       0.53746390342712402       0.53456306457519531     
m=10000:n=850:k=850
  0.61953592300415039       0.61972594261169434       0.53910398483276367       0.53762006759643555     
  0.63573503494262695       0.62780189514160156       0.55506110191345215       0.55749797821044922     
  0.63223302364349365       0.62705802917480469       0.54480695724487305       0.53523397445678711     
  0.62561297416687012       0.60231280326843262       0.54165792465209961       0.53147482872009277     
  0.61121988296508789       0.62436103820800781       0.54228186607360840       0.54605388641357422     
m=10000:n=860:k=860
  0.62637305259704590       0.62852311134338379       0.53813409805297852       0.53500413894653320     
  0.62885296344757080       0.62685990333557129       0.55718994140625000       0.55024194717407227     
  0.62742686271667480       0.62158179283142090       0.54311609268188477       0.54665803909301758     
  0.64170610904693604       0.63090801239013672       0.55630707740783691       0.55692315101623535     
  0.63733816146850586       0.63054299354553223       0.56018996238708496       0.55888795852661133     
m=10000:n=870:k=870
  0.63395905494689941       0.63103199005126953       0.55289006233215332       0.55545711517333984     
  0.61741495132446289       0.62049794197082520       0.55828404426574707       0.56368803977966309     
  0.62230706214904785       0.61898303031921387       0.55716109275817871       0.56729698181152344     
  0.63140511512756348       0.62341713905334473       0.55863904953002930       0.56053018569946289     
  0.63783192634582520       0.64080405235290527       0.55922007560729980       0.55681014060974121     
m=10000:n=880:k=880
  0.67579102516174316       0.65828490257263184       0.58645987510681152       0.58250808715820312     
  0.64718401432037354       0.64840793609619141       0.56825399398803711       0.56795597076416016     
  0.64729809761047363       0.63951206207275391       0.57210206985473633       0.57872724533081055     
  0.65556609630584717       0.65798211097717285       0.57607793807983398       0.57339715957641602     
  0.65752708911895752       0.65564703941345215       0.56520891189575195       0.57092094421386719     
m=10000:n=890:k=890
  0.68414402008056641       0.67978906631469727       0.59640288352966309       0.59398508071899414     
  0.67864596843719482       0.68932199478149414       0.59081792831420898       0.58839488029479980     
  0.68086993694305420       0.66491484642028809       0.59986996650695801       0.59269928932189941     
  0.68911707401275635       0.68468999862670898       0.58171820640563965       0.58440709114074707     
  0.67065703868865967       0.66567802429199219       0.58103704452514648       0.58507204055786133     
m=10000:n=900:k=900
  0.69697690010070801       0.71209192276000977       0.60334706306457520       0.59378528594970703     
  0.69173312187194824       0.68012189865112305       0.59785079956054688       0.61735010147094727     
  0.70369803905487061       0.70922493934631348       0.60819196701049805       0.60492277145385742     
  0.70797491073608398       0.69942307472229004       0.60874795913696289       0.61380720138549805     
  0.70619916915893555       0.69870710372924805       0.60952210426330566       0.60767793655395508     
m=10000:n=910:k=910
  0.68972301483154297       0.67369294166564941       0.59794402122497559       0.61089706420898438     
  0.69080281257629395       0.69244098663330078       0.60217618942260742       0.60247111320495605     
  0.68511009216308594       0.67935299873352051       0.59610700607299805       0.59896826744079590     
  0.68446993827819824       0.70032691955566406       0.61901807785034180       0.61787009239196777     
  0.69611310958862305       0.68800401687622070       0.59804296493530273       0.58991026878356934     
m=10000:n=920:k=920
  0.70574796199798584       0.71361494064331055       0.62811303138732910       0.62643003463745117     
  0.73393797874450684       0.72364997863769531       0.62797808647155762       0.63468527793884277     
  0.70910596847534180       0.70660281181335449       0.62926793098449707       0.61935901641845703     
  0.71375000476837158       0.69879722595214844       0.61638998985290527       0.62076377868652344     
  0.70368802547454834       0.70489907264709473       0.62457990646362305       0.61295127868652344     
m=10000:n=930:k=930
  0.75632798671722412       0.74411106109619141       0.64163398742675781       0.64491701126098633     
  0.73584890365600586       0.75839495658874512       0.66087698936462402       0.65061306953430176     
  0.75540387630462646       0.74219298362731934       0.65665793418884277       0.64991784095764160     
  0.73168683052062988       0.72989201545715332       0.63712406158447266       0.63697195053100586     
  0.73719501495361328       0.72452688217163086       0.64890885353088379       0.64069128036499023     
m=10000:n=940:k=940
  0.75125002861022949       0.73607683181762695       0.64599990844726562       0.64935922622680664     
  0.74059402942657471       0.74066400527954102       0.66391992568969727       0.68441796302795410     
  0.76827001571655273       0.75552797317504883       0.65616297721862793       0.66539621353149414     
  0.75497293472290039       0.75702095031738281       0.66535520553588867       0.67117595672607422     
  0.78015995025634766       0.77117395401000977       0.65066671371459961       0.65676593780517578     
m=10000:n=950:k=950
  0.72861909866333008       0.73699808120727539       0.64889502525329590       0.64785003662109375     
  0.74108409881591797       0.73513793945312500       0.64359998703002930       0.64054799079895020     
  0.74506711959838867       0.75576806068420410       0.65360498428344727       0.64613819122314453     
  0.74429798126220703       0.73457288742065430       0.66256999969482422       0.66686296463012695     
  0.75032591819763184       0.74534583091735840       0.66243696212768555       0.66093301773071289     
m=10000:n=960:k=960
  0.78216695785522461       0.77653789520263672       0.68504500389099121       0.68770694732666016     
  0.82307589054107666       0.78986787796020508       0.69242906570434570       0.67787313461303711     
  0.82001602649688721       0.81499099731445312       0.72213220596313477       0.69465589523315430     
  0.77814292907714844       0.79561996459960938       0.68698811531066895       0.68566274642944336     
  0.77713298797607422       0.79556012153625488       0.70545029640197754       0.69843482971191406     
m=10000:n=970:k=970
  0.81887495517730713       0.80672025680541992       0.70720720291137695       0.70199203491210938     
  0.80385899543762207       0.80867290496826172       0.68078088760375977       0.68105602264404297     
  0.78987598419189453       0.80285096168518066       0.69274973869323730       0.70230484008789062     
  0.83362793922424316       0.82312297821044922       0.72746992111206055       0.74548625946044922     
  0.80280995368957520       0.80107402801513672       0.69141602516174316       0.72878932952880859     
m=10000:n=980:k=980
  0.82531499862670898       0.83770608901977539       0.72463130950927734       0.77130889892578125     
  0.85409390926361084       0.80888104438781738       0.74093723297119141       0.76847982406616211     
  0.83523702621459961       0.83121585845947266       0.73599100112915039       0.72453927993774414     
  0.84270000457763672       0.83749079704284668       0.72373318672180176       0.72491121292114258     
  0.86073708534240723       0.85342502593994141       0.73113775253295898       0.71307086944580078     
m=10000:n=990:k=990
  0.80978798866271973       0.80291700363159180       0.73123621940612793       0.72274875640869141     
  0.84139513969421387       0.82642793655395508       0.71117615699768066       0.72162199020385742     
  0.83036398887634277       0.87968420982360840       0.72842693328857422       0.71752166748046875     
  0.82918691635131836       0.81877803802490234       0.71029925346374512       0.72640275955200195     
  0.86358594894409180       0.83478689193725586       0.71596193313598633       0.72346019744873047     
m=10000:n=1000:k=1000
  0.78129911422729492       0.79985713958740234       0.76115608215332031       0.76534795761108398     
  0.81075906753540039       0.79969716072082520       0.75475811958312988       0.77839612960815430     
  0.79954314231872559       0.79753398895263672       0.73281717300415039       0.74374818801879883     
  0.79812002182006836       0.77772188186645508       0.74569034576416016       0.75563573837280273     
  0.79850196838378906       0.79542803764343262       0.73990011215209961       0.77188062667846680     
