m=10000:n=10:k=10
   4.0700007230043411E-004   1.9600009545683861E-004   2.8399983420968056E-004   3.0600000172853470E-004
   1.7639999277889729E-003   9.6099963411688805E-004   2.2500008344650269E-004   2.5400007143616676E-004
   2.2210003808140755E-003   9.9200010299682617E-004   3.5100057721138000E-004   3.0900072306394577E-004
   1.1439993977546692E-003   2.3499969393014908E-004   2.6199966669082642E-004   2.4500023573637009E-004
   1.6839997842907906E-003   1.0080002248287201E-003   3.3899955451488495E-004   3.0800048261880875E-004
m=10000:n=20:k=20
   3.5689994692802429E-003   2.1000001579523087E-003   2.9549989849328995E-003   2.9930006712675095E-003
   3.2410006970167160E-003   2.6849992573261261E-003   2.9030013829469681E-003   3.2100006937980652E-003
   2.0490000024437904E-003   2.1829996258020401E-003   2.1609999239444733E-003   2.1349992603063583E-003
   1.6369996592402458E-003   1.4669997617602348E-003   1.6050003468990326E-003   1.5030000358819962E-003
   1.7269998788833618E-003   1.6550002619624138E-003   1.1530006304383278E-003   1.0039992630481720E-003
m=10000:n=30:k=30
   3.6180000752210617E-003   3.3089984208345413E-003   3.5339985042810440E-003   3.5120006650686264E-003
   3.3660009503364563E-003   3.3200010657310486E-003   4.4429991394281387E-003   4.5520011335611343E-003
   6.6979993134737015E-003   4.1619986295700073E-003   4.9050003290176392E-003   5.0080008804798126E-003
   9.6829999238252640E-003   4.5039989054203033E-003   4.4660009443759918E-003   4.5830011367797852E-003
   3.8189999759197235E-003   3.8080010563135147E-003   2.9340013861656189E-003   3.2749995589256287E-003
m=10000:n=40:k=40
   5.1560010761022568E-003   4.2419992387294769E-003   4.2390003800392151E-003   4.4749975204467773E-003
   4.3049994856119156E-003   3.4209992736577988E-003   3.0200034379959106E-003   3.6399997770786285E-003
   6.2290001660585403E-003   5.2840001881122589E-003   5.6479983031749725E-003   5.8549977838993073E-003
   2.9879994690418243E-003   2.3129992187023163E-003   2.0799990743398666E-003   2.1989997476339340E-003
   6.6659990698099136E-003   4.1629988700151443E-003   3.8519985973834991E-003   3.6889985203742981E-003
m=10000:n=50:k=50
   4.9440022557973862E-003   5.4400004446506500E-003   6.2450021505355835E-003   4.4849999248981476E-003
   4.3850000947713852E-003   3.8840007036924362E-003   3.8160011172294617E-003   4.2460002005100250E-003
   4.0509998798370361E-003   2.9130000621080399E-003   2.7860011905431747E-003   2.7949977666139603E-003
   1.4754001051187515E-002   1.0885998606681824E-002   8.8510029017925262E-003   8.8060051202774048E-003
   7.8490003943443298E-003   1.0115999728441238E-002   7.3719993233680725E-003   6.7520029842853546E-003
m=10000:n=60:k=60
   9.3930009752511978E-003   9.3040019273757935E-003   8.1210024654865265E-003   6.7710019648075104E-003
   2.3522004485130310E-002   1.4565005898475647E-002   1.6747996211051941E-002   1.3249002397060394E-002
   1.4012996107339859E-002   1.5001997351646423E-002   1.3563007116317749E-002   1.3916000723838806E-002
   2.5883998721837997E-002   2.0546004176139832E-002   1.6988001763820648E-002   1.7210997641086578E-002
   9.6959993243217468E-003   4.0279999375343323E-003   4.1510015726089478E-003   6.6139996051788330E-003
m=10000:n=70:k=70
   7.1849972009658813E-003   7.0649981498718262E-003   7.0049986243247986E-003   7.5480006635189056E-003
   9.0790018439292908E-003   6.8849995732307434E-003   7.5720027089118958E-003   6.3880011439323425E-003
   1.0402999818325043E-002   9.1929994523525238E-003   8.6119994521141052E-003   9.2810019850730896E-003
   7.6700001955032349E-003   8.9329965412616730E-003   7.4560008943080902E-003   8.2660019397735596E-003
   1.2401998043060303E-002   1.0280001908540726E-002   1.0811001062393188E-002   1.0127998888492584E-002
m=10000:n=80:k=80
   2.3099996149539948E-002   1.7527997493743896E-002   8.6279958486557007E-003   8.8160037994384766E-003
   1.6003001481294632E-002   1.4973998069763184E-002   1.2639001011848450E-002   1.1638998985290527E-002
   1.3899002224206924E-002   1.1672005057334900E-002   1.1766001582145691E-002   1.1756993830204010E-002
   1.5987999737262726E-002   1.5850998461246490E-002   1.7310999333858490E-002   1.9525997340679169E-002
   1.4685004949569702E-002   1.3680003583431244E-002   2.6352003216743469E-002   2.4968996644020081E-002
m=10000:n=90:k=90
   1.9776999950408936E-002   1.9037999212741852E-002   2.5169000029563904E-002   1.9005000591278076E-002
   7.3895998299121857E-002   6.0652002692222595E-002   6.3488006591796875E-002   5.0047993659973145E-002
   5.0639003515243530E-002   4.7707006335258484E-002   5.3280994296073914E-002   5.0712972879409790E-002
   6.7938998341560364E-002   6.4030006527900696E-002   6.5829008817672729E-002   4.8596024513244629E-002
   4.7976002097129822E-002   4.6445995569229126E-002   4.6938002109527588E-002   3.4462004899978638E-002
m=10000:n=100:k=100
   4.4102996587753296E-002   3.3462002873420715E-002   2.8252005577087402E-002   2.7867004275321960E-002
   4.6771004796028137E-002   3.2869994640350342E-002   2.8980016708374023E-002   3.0389010906219482E-002
   3.9548993110656738E-002   3.6987006664276123E-002   3.3885017037391663E-002   3.3771008253097534E-002
   3.8372993469238281E-002   4.1022002696990967E-002   3.6528006196022034E-002   3.8866996765136719E-002
   5.1966995000839233E-002   4.3891012668609619E-002   3.8038015365600586E-002   4.2445003986358643E-002
m=10000:n=110:k=110
   4.0360003709793091E-002   2.9033005237579346E-002   2.9771000146865845E-002   2.7205020189285278E-002
   3.7048012018203735E-002   3.8516998291015625E-002   3.6792993545532227E-002   3.5586982965469360E-002
   3.9519995450973511E-002   3.8989007472991943E-002   3.6495000123977661E-002   3.8700997829437256E-002
   3.0792981386184692E-002   2.6104003190994263E-002   2.2589981555938721E-002   2.8093993663787842E-002
   1.6326993703842163E-002   1.3074994087219238E-002   1.4068990945816040E-002   1.2160003185272217E-002
m=10000:n=120:k=120
   2.3550003767013550E-002   2.0614996552467346E-002   2.0221993327140808E-002   1.7325997352600098E-002
   3.4294992685317993E-002   3.2141000032424927E-002   3.2209992408752441E-002   3.2025992870330811E-002
   4.2127013206481934E-002   3.3701002597808838E-002   2.8973013162612915E-002   3.4841984510421753E-002
   2.4799019098281860E-002   2.3817986249923706E-002   2.3839980363845825E-002   2.4625003337860107E-002
   2.0888000726699829E-002   2.3278012871742249E-002   2.1135002374649048E-002   1.9837006926536560E-002
m=10000:n=130:k=130
   1.7847001552581787E-002   1.4331996440887451E-002   1.4135003089904785E-002   1.3975009322166443E-002
   1.6727998852729797E-002   1.5537001192569733E-002   1.4943003654479980E-002   1.5391007065773010E-002
   1.8308006227016449E-002   1.9745990633964539E-002   1.9338995218276978E-002   1.7029985785484314E-002
   2.6777997612953186E-002   2.4373993277549744E-002   2.5162994861602783E-002   2.5220006704330444E-002
   2.9042989015579224E-002   2.6452004909515381E-002   2.6334002614021301E-002   2.8043001890182495E-002
m=10000:n=140:k=140
   3.5373002290725708E-002   3.6172002553939819E-002   3.4497991204261780E-002   3.4049987792968750E-002
   2.1085001528263092E-002   3.3996999263763428E-002   2.9861003160476685E-002   3.0556991696357727E-002
   3.6397010087966919E-002   2.7614012360572815E-002   2.6932001113891602E-002   2.7590006589889526E-002
   1.9439995288848877E-002   1.8240988254547119E-002   1.9155994057655334E-002   1.8389999866485596E-002
   2.0355001091957092E-002   1.9070997834205627E-002   2.1559998393058777E-002   2.1245017647743225E-002
m=10000:n=150:k=150
   2.2223994135856628E-002   1.9062995910644531E-002   2.3219004273414612E-002   3.4290000796318054E-002
   2.4161994457244873E-002   2.1216005086898804E-002   2.2008985280990601E-002   2.1667003631591797E-002
   4.1842997074127197E-002   3.5962015390396118E-002   2.8816998004913330E-002   2.9251992702484131E-002
   2.1664999425411224E-002   1.8719002604484558E-002   1.8218994140625000E-002   2.0548999309539795E-002
   2.4902001023292542E-002   2.3750990629196167E-002   2.2976011037826538E-002   2.2947996854782104E-002
m=10000:n=160:k=160
   3.0634999275207520E-002   2.4564012885093689E-002   2.3737013339996338E-002   2.3789018392562866E-002
   3.3568009734153748E-002   2.7261003851890564E-002   2.7764007449150085E-002   2.6064991950988770E-002
   3.0322000384330750E-002   2.5600999593734741E-002   2.3326009511947632E-002   2.2983014583587646E-002
   3.2119005918502808E-002   2.5747001171112061E-002   2.4617999792098999E-002   2.4931013584136963E-002
   3.0692011117935181E-002   2.7193993330001831E-002   2.6407003402709961E-002   2.6385992765426636E-002
m=10000:n=170:k=170
   3.4252002835273743E-002   3.0962005257606506E-002   2.8117984533309937E-002   2.9702007770538330E-002
   3.2228991389274597E-002   2.7787998318672180E-002   2.6237010955810547E-002   2.7777999639511108E-002
   3.1364008784294128E-002   2.8322011232376099E-002   2.7154013514518738E-002   2.9007017612457275E-002
   4.0552005171775818E-002   3.5909995436668396E-002   2.7638003230094910E-002   2.7409017086029053E-002
   3.6697998642921448E-002   3.0826002359390259E-002   2.8657004237174988E-002   2.7347028255462646E-002
m=10000:n=180:k=180
   8.9363992214202881E-002   6.3029974699020386E-002   4.5489996671676636E-002   4.2234987020492554E-002
   3.8027003407478333E-002   3.4660995006561279E-002   3.6527007818222046E-002   3.6356985569000244E-002
   3.3380001783370972E-002   3.0993014574050903E-002   3.1368017196655273E-002   3.7382006645202637E-002
   5.6088984012603760E-002   5.6272000074386597E-002   4.7816008329391479E-002   5.0188004970550537E-002
   6.3430994749069214E-002   6.2500000000000000E-002   6.0913980007171631E-002   6.4246952533721924E-002
m=10000:n=190:k=190
   7.8808009624481201E-002   5.3164988756179810E-002   3.3554971218109131E-002   3.2783985137939453E-002
   6.8367987871170044E-002   4.0093004703521729E-002   3.9758026599884033E-002   4.0556013584136963E-002
   4.9207985401153564E-002   4.3839007616043091E-002   6.8477988243103027E-002   4.5253992080688477E-002
   7.2659999132156372E-002   4.2840987443923950E-002   4.2142033576965332E-002   4.2097032070159912E-002
   8.1392019987106323E-002   6.6890984773635864E-002   5.0022006034851074E-002   5.2087992429733276E-002
m=10000:n=200:k=200
   5.9630006551742554E-002   7.2457998991012573E-002   8.1940978765487671E-002   8.5581004619598389E-002
   6.5979003906250000E-002   5.7907998561859131E-002   5.6722968816757202E-002   5.4412007331848145E-002
   4.5289993286132812E-002   4.1387021541595459E-002   3.7454992532730103E-002   3.8586020469665527E-002
   4.4804990291595459E-002   7.1987003087997437E-002   5.4123014211654663E-002   6.3185989856719971E-002
   6.4861983060836792E-002   6.5394997596740723E-002   6.5257012844085693E-002   6.6034018993377686E-002
m=10000:n=210:k=210
   9.8161995410919189E-002   7.4351012706756592E-002   5.7940006256103516E-002   4.9443036317825317E-002
   7.2898000478744507E-002   6.2896013259887695E-002   4.8028975725173950E-002   6.1995983123779297E-002
   7.0778995752334595E-002   7.4232995510101318E-002   6.1137974262237549E-002   6.4718991518020630E-002
   4.1916012763977051E-002   4.0612995624542236E-002   3.7950009107589722E-002   3.9521008729934692E-002
   5.0161987543106079E-002   4.5408010482788086E-002   4.6545982360839844E-002   4.8171997070312500E-002
m=10000:n=220:k=220
  0.11347299814224243        9.2239975929260254E-002   6.5483987331390381E-002   7.1507990360260010E-002
  0.10265696048736572        8.0553948879241943E-002   6.0590028762817383E-002   6.2457978725433350E-002
   6.4828038215637207E-002   5.8941960334777832E-002   5.2383005619049072E-002   4.7019958496093750E-002
   6.3495993614196777E-002   6.5243005752563477E-002   5.9732019901275635E-002   5.7672977447509766E-002
   6.8426012992858887E-002   5.3438007831573486E-002   5.0873011350631714E-002   5.0853013992309570E-002
m=10000:n=230:k=230
   7.8210026025772095E-002   7.8618019819259644E-002   6.5483987331390381E-002   5.4700970649719238E-002
   5.7679980993270874E-002   4.9133986234664917E-002   4.5112013816833496E-002   4.6701014041900635E-002
   5.2670985460281372E-002   5.2702993154525757E-002   4.6927988529205322E-002   4.7473013401031494E-002
   5.3770005702972412E-002   5.2682995796203613E-002   5.1771014928817749E-002   5.4928988218307495E-002
   5.7402998208999634E-002   5.3678005933761597E-002   5.1082998514175415E-002   5.1129996776580811E-002
m=10000:n=240:k=240
   6.1567008495330811E-002   5.2144020795822144E-002   4.8570007085800171E-002   4.9519032239913940E-002
   5.3707003593444824E-002   5.0229012966156006E-002   4.7915011644363403E-002   4.9475997686386108E-002
   6.3164979219436646E-002   6.0379981994628906E-002   5.3975999355316162E-002   5.3633987903594971E-002
  0.12969103455543518       0.10773301124572754       0.14884299039840698       0.10711503028869629     
  0.18236500024795532       0.12353003025054932       0.12367498874664307       0.12180900573730469     
m=10000:n=250:k=250
   9.5858991146087646E-002   7.4247002601623535E-002   6.8668007850646973E-002   7.7736020088195801E-002
  0.11333000659942627       0.11829704046249390       0.12020301818847656       0.14481002092361450     
   8.2404971122741699E-002   7.6229989528656006E-002   7.0753991603851318E-002   7.5075984001159668E-002
   7.9535990953445435E-002   7.7675998210906982E-002   7.2497010231018066E-002   6.9455981254577637E-002
   8.4176003932952881E-002  0.12382102012634277        9.3066990375518799E-002   7.7593028545379639E-002
m=10000:n=260:k=260
   8.4863990545272827E-002   7.8694999217987061E-002   5.8947026729583740E-002   5.9933006763458252E-002
   6.6486984491348267E-002   6.2823981046676636E-002   5.8020025491714478E-002   5.8317005634307861E-002
  0.12262499332427979       0.12258997559547424       0.11255902051925659        8.1486999988555908E-002
   7.4045985937118530E-002   6.4623981714248657E-002   6.0237944126129150E-002   5.9970021247863770E-002
  0.12446600198745728        9.8962008953094482E-002   9.7803950309753418E-002  0.10562402009963989     
m=10000:n=270:k=270
   8.1708997488021851E-002  0.13337999582290649       0.11772602796554565       0.11454200744628906     
   7.9756021499633789E-002   7.2814971208572388E-002   7.2788000106811523E-002   8.6879014968872070E-002
  0.10977298021316528        9.4047009944915771E-002   8.7831020355224609E-002   9.0642035007476807E-002
   9.9947035312652588E-002  0.11986804008483887        9.7175002098083496E-002   8.5902988910675049E-002
  0.16833895444869995       0.14915597438812256       0.16485697031021118       0.17161405086517334     
m=10000:n=280:k=280
  0.10537999868392944       0.10195595026016235        8.2500994205474854E-002   8.7729990482330322E-002
   7.3992013931274414E-002   7.0044010877609253E-002   7.0595979690551758E-002   7.1137011051177979E-002
   7.8645020723342896E-002   7.2490990161895752E-002   7.1328014135360718E-002   7.2956979274749756E-002
   7.7618002891540527E-002   7.4400991201400757E-002   7.0550978183746338E-002   7.0464968681335449E-002
   8.0106019973754883E-002   7.8659981489181519E-002   7.8641980886459351E-002   7.6333999633789062E-002
m=10000:n=290:k=290
   9.5945984125137329E-002   9.5736980438232422E-002   8.6843013763427734E-002   8.2808971405029297E-002
  0.10927200317382812       0.11876001954078674        9.5893979072570801E-002   8.7038040161132812E-002
  0.15725201368331909       0.14707696437835693       0.12198096513748169       0.11216294765472412     
  0.16107898950576782       0.12930899858474731        9.8222017288208008E-002   8.6457967758178711E-002
  0.14015203714370728       0.13865196704864502       0.10817503929138184       0.10215300321578979     
m=10000:n=300:k=300
  0.16363203525543213       0.16251194477081299       0.11159491539001465       0.12008702754974365     
  0.20272499322891235       0.20807301998138428       0.14065992832183838       0.13366103172302246     
   8.9440017938613892E-002  0.10192298889160156        9.9439024925231934E-002   9.0466976165771484E-002
   9.2233985662460327E-002   9.8021984100341797E-002   9.1917991638183594E-002   9.1960966587066650E-002
   9.0311020612716675E-002   9.7972035408020020E-002  0.12972897291183472       0.13107603788375854     
m=10000:n=310:k=310
  0.14953601360321045       0.15329504013061523       0.14407300949096680        9.7648978233337402E-002
  0.45831197500228882       0.41841304302215576       0.44061195850372314       0.39494705200195312     
  0.13460302352905273       0.12930905818939209       0.12866401672363281       0.11128699779510498     
  0.13015496730804443        9.7764015197753906E-002   8.7384998798370361E-002   9.2023015022277832E-002
   9.9434018135070801E-002   9.0327978134155273E-002   9.1506004333496094E-002   8.4208011627197266E-002
m=10000:n=320:k=320
   9.6590012311935425E-002   9.7483992576599121E-002   8.9358985424041748E-002   8.9470982551574707E-002
  0.10103100538253784        9.6547991037368774E-002   8.9842021465301514E-002   9.4994008541107178E-002
  0.11150699853897095       0.11307799816131592       0.10411697626113892       0.10690999031066895     
  0.15151298046112061       0.13483601808547974       0.10352098941802979       0.13034492731094360     
  0.14355003833770752       0.11797595024108887       0.11045902967453003       0.11343294382095337     
m=10000:n=330:k=330
  0.13422402739524841       0.13129502534866333       0.11347502470016479       0.16537100076675415     
  0.18764400482177734       0.20014500617980957       0.18769800662994385       0.17683100700378418     
  0.29213601350784302       0.22217702865600586       0.20106101036071777       0.21032404899597168     
  0.14558899402618408       0.12897801399230957       0.11429899930953979       0.10512399673461914     
  0.12965300679206848       0.11923599243164062        9.5505952835083008E-002   9.8083972930908203E-002
m=10000:n=340:k=340
  0.19351300597190857       0.19313299655914307       0.15996897220611572       0.17062699794769287     
  0.18444398045539856       0.18881100416183472       0.15820300579071045       0.16405010223388672     
  0.25492000579833984       0.20160901546478271       0.17170906066894531       0.18023300170898438     
  0.26460301876068115       0.33872699737548828       0.37227606773376465       0.23073410987854004     
  0.20320600271224976       0.19738197326660156       0.16490995883941650       0.17945694923400879     
m=10000:n=350:k=350
  0.14024704694747925       0.12912803888320923       0.10891598463058472       0.10775303840637207     
  0.13728898763656616       0.12981796264648438       0.11835402250289917       0.12067699432373047     
  0.15720599889755249       0.16203600168228149       0.14247000217437744       0.16949498653411865     
  0.21822804212570190       0.19000589847564697       0.16372704505920410       0.15701794624328613     
  0.17931497097015381       0.16138404607772827       0.15511703491210938       0.19620501995086670     
m=10000:n=360:k=360
  0.21539598703384399       0.17216193675994873       0.13997399806976318       0.14179801940917969     
  0.16012197732925415       0.14122396707534790       0.12650203704833984       0.12884998321533203     
  0.21174502372741699       0.15317302942276001       0.12185597419738770       0.12523901462554932     
  0.13665702939033508       0.13776302337646484       0.11874198913574219       0.12939602136611938     
  0.36811202764511108       0.16649305820465088       0.12305998802185059       0.12213802337646484     
m=10000:n=370:k=370
  0.15895503759384155       0.17818200588226318       0.23067700862884521       0.26448798179626465     
  0.22942596673965454       0.20538091659545898       0.19090402126312256       0.17816090583801270     
  0.20730698108673096       0.18556803464889526       0.18306589126586914       0.17619907855987549     
  0.20976299047470093       0.25613701343536377       0.21491992473602295       0.23680102825164795     
  0.24530696868896484       0.19950807094573975       0.17223310470581055       0.16998100280761719     
m=10000:n=380:k=380
  0.25802505016326904       0.20917499065399170       0.15391302108764648       0.14944589138031006     
  0.25621199607849121       0.26412898302078247       0.22944104671478271       0.23855793476104736     
  0.28175300359725952       0.27372503280639648       0.24339902400970459       0.24095010757446289     
  0.15532398223876953       0.15657603740692139       0.14770901203155518       0.14119505882263184     
  0.18008905649185181       0.17796301841735840       0.16036993265151978       0.16035199165344238     
m=10000:n=390:k=390
  0.18849700689315796       0.17985010147094727       0.16707706451416016       0.15099000930786133     
  0.20269000530242920       0.18642199039459229       0.15349495410919189       0.16260409355163574     
  0.21860897541046143       0.19122397899627686       0.16701889038085938       0.16358506679534912     
  0.23327296972274780       0.22672092914581299       0.16503000259399414       0.13736093044281006     
  0.17813497781753540       0.16545498371124268       0.14672601222991943       0.15483808517456055     
m=10000:n=400:k=400
  0.30266296863555908       0.28841996192932129       0.25258588790893555       0.25137805938720703     
  0.21076703071594238       0.21646302938461304       0.19010496139526367       0.17995905876159668     
  0.18234097957611084       0.20871907472610474       0.18262696266174316       0.17564105987548828     
  0.31841903924942017       0.26096200942993164       0.25610995292663574       0.21064102649688721     
  0.36056202650070190       0.22683501243591309       0.17422902584075928       0.15897405147552490     
m=10000:n=410:k=410
  0.19503796100616455       0.17940199375152588       0.16867107152938843       0.17560303211212158     
  0.29210805892944336       0.30408096313476562       0.21748101711273193       0.16568493843078613     
  0.19640100002288818       0.18215799331665039       0.16619002819061279       0.18078804016113281     
  0.21303802728652954       0.20724195241928101       0.19070899486541748       0.20771789550781250     
  0.22212398052215576       0.31360507011413574       0.32054102420806885       0.31198203563690186     
m=10000:n=420:k=420
  0.24311399459838867       0.22897303104400635       0.20754504203796387       0.20044183731079102     
  0.26690000295639038       0.25282394886016846       0.20236802101135254       0.22240495681762695     
  0.25164705514907837       0.25713503360748291       0.23229801654815674       0.21673107147216797     
  0.20554006099700928       0.19449901580810547       0.18544197082519531       0.19004201889038086     
  0.23594403266906738       0.21483403444290161       0.17546403408050537       0.18562197685241699     
m=10000:n=430:k=430
  0.38032704591751099       0.48924994468688965       0.18663501739501953       0.19789600372314453     
  0.30970501899719238       0.32811701297760010       0.29948401451110840       0.29509496688842773     
  0.28965300321578979       0.24264609813690186       0.19486987590789795       0.19287896156311035     
  0.35035204887390137       0.27196490764617920       0.17298901081085205       0.17539000511169434     
  0.32872593402862549       0.37372803688049316       0.23720693588256836       0.22084593772888184     
m=10000:n=440:k=440
  0.41302001476287842       0.39118409156799316       0.36217892169952393       0.37128305435180664     
  0.68004095554351807       0.68029093742370605       0.55155992507934570       0.57992792129516602     
  0.19879001379013062       0.19770693778991699       0.18136394023895264       0.26123905181884766     
  0.36353993415832520       0.39906191825866699       0.34685993194580078       0.34655785560607910     
  0.39819598197937012       0.38545703887939453       0.35284709930419922       0.34259200096130371     
m=10000:n=450:k=450
  0.56271409988403320       0.48302292823791504       0.30206704139709473       0.30250906944274902     
  0.33986103534698486       0.30518901348114014       0.26490497589111328       0.26845002174377441     
  0.45698094367980957       0.43344306945800781       0.29878997802734375       0.34199213981628418     
  0.43861401081085205       0.60508513450622559       0.22615408897399902       0.23185873031616211     
  0.27222597599029541       0.37199497222900391       0.28951406478881836       0.26770305633544922     
m=10000:n=460:k=460
  0.33253705501556396       0.38898611068725586       0.36422300338745117       0.30825209617614746     
  0.32645696401596069       0.36333703994750977       0.42400610446929932       0.44199204444885254     
  0.40787994861602783       0.28489398956298828       0.25061106681823730       0.27038717269897461     
  0.43089497089385986       0.29346704483032227       0.25137591361999512       0.24891185760498047     
  0.43530493974685669       0.43130898475646973       0.41032004356384277       0.39219498634338379     
m=10000:n=470:k=470
  0.36418390274047852       0.39042198657989502       0.33367109298706055       0.32847094535827637     
  0.23519802093505859       0.22842192649841309       0.19364798069000244       0.18826198577880859     
  0.49462598562240601       0.46554696559906006       0.41456198692321777       0.43443202972412109     
  0.43122208118438721       0.52264904975891113       0.35428500175476074       0.29495692253112793     
  0.38764405250549316       0.41794204711914062       0.43775010108947754       0.44460296630859375     
m=10000:n=480:k=480
  0.94481205940246582       0.46966910362243652       0.31660699844360352       0.30343079566955566     
  0.25973796844482422       0.26214599609375000       0.22123599052429199       0.22308588027954102     
  0.26762604713439941       0.25390100479125977       0.23312187194824219       0.21453189849853516     
  0.23479998111724854       0.24265694618225098       0.24987196922302246       0.26532602310180664     
  0.29492002725601196       0.34455001354217529       0.28117799758911133       0.27422308921813965     
m=10000:n=490:k=490
  0.32448595762252808       0.31766700744628906       0.28690397739410400       0.28485584259033203     
  0.31891208887100220       0.30825901031494141       0.35607492923736572       0.39983284473419189     
  0.33851099014282227       0.50691604614257812       0.44033598899841309       0.48419284820556641     
  0.71636795997619629       0.57716894149780273       0.44006705284118652       0.30664300918579102     
  0.42249709367752075       0.44809496402740479       0.38552689552307129       0.39451384544372559     
m=10000:n=500:k=500
  0.40557396411895752       0.27899408340454102       0.28995013236999512       0.33592200279235840     
  0.51867604255676270       0.43174588680267334       0.33905792236328125       0.36951184272766113     
  0.54784297943115234       0.65162193775177002       0.59317207336425781       0.40419793128967285     
  0.29318392276763916       0.30100798606872559       0.41225504875183105       0.32773208618164062     
  0.49568593502044678       0.50992500782012939       0.41861295700073242       0.40754318237304688     
m=10000:n=510:k=510
  0.31938904523849487       0.31779396533966064       0.30677700042724609       0.47704696655273438     
  0.36329102516174316       0.34380209445953369       0.28194999694824219       0.31761813163757324     
  0.33754503726959229       0.32724201679229736       0.26546597480773926       0.28325295448303223     
  0.56869506835937500       0.32976198196411133       0.28633117675781250       0.30366897583007812     
  0.32365489006042480       0.31788194179534912       0.27341413497924805       0.29198694229125977     
m=10000:n=520:k=520
  0.29698002338409424       0.29777002334594727       0.26132690906524658       0.26577901840209961     
  0.33387899398803711       0.29938495159149170       0.28356707096099854       0.27259206771850586     
  0.30852502584457397       0.32696998119354248       0.28260099887847900       0.26247096061706543     
  0.62596893310546875       0.75481295585632324       0.61140894889831543       0.56443095207214355     
  0.71591305732727051       0.67824792861938477       0.57109880447387695       0.53026199340820312     
m=10000:n=530:k=530
  0.49877095222473145       0.70630311965942383       0.46672391891479492       0.36200785636901855     
  0.49324405193328857       0.45461606979370117       0.75750589370727539        1.1345858573913574     
  0.34379106760025024       0.33778893947601318       0.29255509376525879       0.30110597610473633     
  0.52958095073699951       0.55190610885620117       0.34574794769287109       0.27068686485290527     
  0.36090600490570068       0.33859193325042725       0.31101584434509277       0.48235273361206055     
m=10000:n=540:k=540
  0.69072401523590088       0.53957605361938477       0.36321592330932617       0.43335199356079102     
  0.65378999710083008       0.50208806991577148       0.37017607688903809       0.37281680107116699     
  0.36800003051757812       0.43057703971862793       0.36346185207366943       0.45680809020996094     
  0.50479495525360107       0.40413904190063477       0.39845895767211914       0.36154699325561523     
  0.49309289455413818       0.45545101165771484       0.38587999343872070       0.36189198493957520     
m=10000:n=550:k=550
  0.33527505397796631       0.39134693145751953       0.50653398036956787       0.55563879013061523     
  0.33010101318359375       0.33064091205596924       0.29786396026611328       0.29020285606384277     
  0.55683493614196777       0.54961705207824707       0.46952915191650391       0.29487276077270508     
  0.46958398818969727       0.41236281394958496       0.36116003990173340       0.39057207107543945     
  0.42357301712036133       0.42918300628662109       0.36839413642883301       0.39482903480529785     
m=10000:n=560:k=560
  0.44196903705596924       0.39357399940490723       0.39999294281005859       0.40882396697998047     
  0.47075200080871582       0.50224387645721436       0.43530201911926270       0.39646196365356445     
  0.53092002868652344       0.51705884933471680       0.40642189979553223       0.34557104110717773     
  0.38122802972793579       0.32228302955627441       0.29789507389068604       0.30084514617919922     
  0.33612895011901855       0.33358395099639893       0.30000507831573486       0.29831004142761230     
m=10000:n=570:k=570
  0.38302397727966309       0.36093306541442871       0.31819009780883789       0.31869697570800781     
  0.37763190269470215       0.40029692649841309       0.40839600563049316       0.40462493896484375     
  0.45731306076049805       0.54476499557495117       0.63285398483276367       0.66351103782653809     
  0.79636812210083008       0.73047995567321777       0.61189365386962891       0.44049596786499023     
  0.72567892074584961       0.70839905738830566       0.67164611816406250       0.64922809600830078     
m=10000:n=580:k=580
  0.84820604324340820       0.76575207710266113       0.60162115097045898       0.62860488891601562     
  0.61396312713623047       0.62237501144409180       0.61698913574218750       0.56274175643920898     
  0.34414595365524292       0.34774208068847656       0.34088611602783203       0.33244800567626953     
  0.41805601119995117       0.40871906280517578       0.39837110042572021       0.43701386451721191     
   1.4269199371337891       0.60729813575744629       0.48835897445678711       0.48966598510742188     
m=10000:n=590:k=590
  0.47357392311096191       0.92714881896972656       0.75066208839416504       0.76329922676086426     
  0.60005402565002441       0.50263309478759766       0.36366605758666992       0.36123704910278320     
  0.40437507629394531       0.38473582267761230       0.35071301460266113       0.39587187767028809     
  0.38840198516845703       0.39775300025939941       0.34431099891662598       0.35143399238586426     
  0.42036902904510498       0.38597190380096436       0.37144994735717773       0.36576485633850098     
m=10000:n=600:k=600
  0.50537407398223877       0.50033307075500488       0.45111799240112305       0.42304301261901855     
  0.77594804763793945       0.77858805656433105       0.62843489646911621       0.41269207000732422     
  0.81125307083129883       0.83166003227233887       0.41172790527343750       0.43258380889892578     
  0.44189405441284180       0.48971605300903320       0.62894606590270996       0.51508188247680664     
  0.56219100952148438       0.69763588905334473       0.36484503746032715       0.34627199172973633     
m=10000:n=610:k=610
  0.61476504802703857       0.58486688137054443       0.52308797836303711       0.46097993850708008     
  0.43277502059936523       0.42485809326171875       0.35043597221374512       0.34455204010009766     
  0.78641092777252197       0.69125890731811523       0.61633706092834473       0.59413504600524902     
  0.77706098556518555       0.60074090957641602       0.66034603118896484       0.65076494216918945     
