m=10000:n=10000:k=10
  0.57978403568267822       0.53583705425262451       0.85706305503845215        1.1253640651702881     
  0.84311890602111816        1.0093559026718140        1.4124679565429688        1.0086698532104492     
  0.47373598814010620       0.53320205211639404       0.64146709442138672       0.74437570571899414     
  0.69971501827239990       0.81843698024749756       0.87084197998046875       0.68284487724304199     
  0.81495708227157593       0.69454896450042725       0.86586999893188477       0.91797494888305664     
m=10000:n=10000:k=20
  0.94710594415664673       0.74498891830444336       0.55275511741638184       0.66451311111450195     
  0.58789694309234619       0.68794322013854980       0.86912918090820312       0.95458102226257324     
  0.88582694530487061       0.91813302040100098       0.47328805923461914       0.50908589363098145     
  0.77818691730499268       0.82134699821472168       0.67589688301086426       0.83213400840759277     
  0.87658107280731201       0.74495804309844971       0.65590691566467285       0.68399381637573242     
m=10000:n=10000:k=30
  0.80326402187347412       0.61474084854125977       0.65382194519042969       0.70643496513366699     
  0.87227201461791992        1.3310700654983521        1.1700279712677002        1.2244143486022949     
  0.55582201480865479       0.54469299316406250       0.59509587287902832       0.61057496070861816     
  0.95376998186111450       0.81627607345581055       0.62468099594116211       0.79265880584716797     
   1.0571520328521729       0.61638092994689941       0.53285908699035645       0.57770514488220215     
m=10000:n=10000:k=40
  0.79555797576904297       0.90695989131927490       0.88588213920593262        1.0880649089813232     
   1.5090730190277100       0.63058996200561523       0.53183174133300781       0.65036392211914062     
   1.0519549846649170        1.1296730041503906        1.1874191761016846       0.97564220428466797     
  0.85007297992706299       0.87451314926147461        1.1046841144561768       0.80135679244995117     
  0.57827997207641602       0.58369004726409912       0.55526804924011230       0.76075220108032227     
m=10000:n=10000:k=50
   1.2500200271606445        1.4947130680084229       0.91386604309082031       0.72361040115356445     
   1.0667738914489746        1.1219840049743652       0.89092493057250977       0.88566994667053223     
   1.0996580123901367        1.0209491252899170       0.65861892700195312       0.70238709449768066     
   1.0875840187072754       0.73261904716491699       0.80436396598815918        1.1755800247192383     
   1.1778930425643921        1.0438380241394043       0.87930798530578613        1.3004786968231201     
m=10000:n=10000:k=60
   1.1909799575805664       0.78477478027343750       0.72121286392211914       0.73430013656616211     
   1.1040029525756836       0.99090981483459473       0.86582589149475098        1.0502510070800781     
   1.0764739513397217        1.0614821910858154        1.0376870632171631        1.1014740467071533     
  0.99082797765731812       0.89838290214538574       0.95434308052062988       0.99727606773376465     
  0.99592405557632446       0.88351511955261230       0.74570608139038086       0.82793927192687988     
m=10000:n=10000:k=70
   1.0284559726715088       0.87695193290710449       0.77455306053161621       0.82746315002441406     
  0.97746700048446655        1.0538148880004883        1.0053589344024658        1.2391138076782227     
   1.2077500820159912        1.8191449642181396        1.1442148685455322        1.0093226432800293     
  0.77148008346557617       0.86968696117401123       0.80296206474304199       0.77346611022949219     
  0.92291194200515747        1.0802481174468994       0.96767425537109375        1.0794539451599121     
m=10000:n=10000:k=80
   1.2547699213027954        2.0459909439086914       0.99450540542602539        1.0521540641784668     
   1.5750708580017090        1.6542761325836182       0.82462406158447266       0.97961425781250000     
  0.87342399358749390        1.0351059436798096       0.84909200668334961        1.2729642391204834     
   1.3452239036560059        1.3865840435028076        1.1079268455505371        1.2133560180664062     
   1.3111511468887329        1.0349740982055664       0.93672132492065430        1.2653870582580566     
m=10000:n=10000:k=90
   1.2768611907958984        1.3506760597229004        1.3100392818450928        1.5087218284606934     
   1.2001440525054932        1.2311680316925049        1.0649271011352539        1.1558728218078613     
   1.3280189037322998        1.0612239837646484        1.2483520507812500        1.0038990974426270     
  0.99280709028244019        1.2778692245483398        1.4341320991516113        2.1628370285034180     
   1.5762259960174561        1.3453330993652344       0.99318313598632812        1.1335730552673340     
m=10000:n=10000:k=100
   1.7730069160461426        2.4864048957824707        2.8897867202758789        2.0852851867675781     
   1.5285159349441528        1.4687800407409668        1.4880750179290771        1.4268302917480469     
   1.6880869865417480        1.8054561614990234        2.0675177574157715        2.0598492622375488     
   2.2743620872497559        1.5389418601989746        1.0166492462158203        1.0747509002685547     
   1.1561319828033447        1.2688159942626953        1.4321999549865723        1.3898987770080566     
m=10000:n=10000:k=110
   1.5722830295562744        1.8198699951171875        1.6856250762939453        1.5430111885070801     
   1.5177339315414429        1.5645709037780762        1.6663842201232910        1.2912559509277344     
   2.1780438423156738        1.9079928398132324        2.5294370651245117        1.9644517898559570     
   1.8914148807525635        1.5941476821899414        1.3183832168579102        1.2520399093627930     
   1.5050238370895386        1.1912648677825928        1.1866240501403809        1.6679682731628418     
m=10000:n=10000:k=120
   1.5232038497924805        1.4397799968719482        1.4603798389434814        1.7691960334777832     
   1.6707100868225098        1.4934201240539551        1.5832509994506836        2.1211047172546387     
   1.3678139448165894        1.2634181976318359        1.1141827106475830        1.6990609169006348     
   1.2220189571380615        1.4725170135498047        2.1159322261810303        1.9310269355773926     
   1.5707238912582397        1.6156899929046631        2.8439669609069824        1.7533469200134277     
m=10000:n=10000:k=130
   1.9112050533294678        1.8757658004760742        1.7053604125976562        1.5260744094848633     
   2.4527368545532227        1.6468467712402344        1.4167609214782715        1.4400448799133301     
   1.5585269927978516        1.5358710289001465        1.3774137496948242        1.4053549766540527     
   3.0047912597656250        1.9196801185607910        1.4020562171936035        1.3879170417785645     
   2.2826437950134277        2.9117538928985596        2.3539209365844727        3.0586833953857422     
m=10000:n=10000:k=140
   1.7468371391296387        1.7382290363311768        2.3227610588073730        1.6347951889038086     
   1.5244270563125610        1.5455031394958496        2.1941089630126953        1.7492713928222656     
   2.2780752182006836        2.6734488010406494        1.5268759727478027        2.6617016792297363     
   3.6168136596679688        2.1944160461425781        1.8039016723632812        1.3767528533935547     
   1.6923490762710571        2.3390450477600098        2.0272693634033203        1.7467126846313477     
m=10000:n=10000:k=150
