m=10000:n=10000:k=10
  0.16531100869178772       0.15990197658538818       0.14143896102905273       0.14329200983047485     
  0.16616702079772949       0.15939801931381226       0.14595705270767212       0.14037305116653442     
  0.16602802276611328       0.16072303056716919       0.14068603515625000       0.14924603700637817     
  0.16390401124954224       0.16075199842453003       0.14513695240020752       0.14440101385116577     
  0.16277098655700684       0.16180199384689331       0.14352601766586304       0.14681798219680786     
m=10000:n=10000:k=20
  0.23301801085472107       0.23288798332214355       0.20323699712753296       0.21007204055786133     
  0.22934499382972717       0.23063999414443970       0.21009504795074463       0.20384907722473145     
  0.23409298062324524       0.23758101463317871       0.20155698060989380       0.21037089824676514     
  0.23396298289299011       0.23080599308013916       0.21044296026229858       0.20960402488708496     
  0.23109802603721619       0.22946500778198242       0.19418299198150635       0.19673991203308105     
m=10000:n=10000:k=30
  0.29126498103141785       0.29708397388458252       0.26820600032806396       0.26105403900146484     
  0.28423899412155151       0.28422701358795166       0.26254999637603760       0.26012802124023438     
  0.28987199068069458       0.27867501974105835       0.25867897272109985       0.25703394412994385     
  0.29030701518058777       0.28918600082397461       0.26719200611114502       0.26469898223876953     
  0.29098501801490784       0.28818398714065552       0.27200597524642944       0.26328909397125244     
m=10000:n=10000:k=40
  0.34098601341247559       0.33850598335266113       0.31713700294494629       0.31923699378967285     
  0.35015797615051270       0.34213602542877197       0.32177400588989258       0.32701897621154785     
  0.35002899169921875       0.35398703813552856       0.32543492317199707       0.33072900772094727     
  0.34353899955749512       0.35679197311401367       0.31345701217651367       0.31086301803588867     
  0.34587699174880981       0.34297704696655273       0.32109403610229492       0.31639599800109863     
m=10000:n=10000:k=50
  0.42089799046516418       0.41774600744247437       0.38810396194458008       0.40157675743103027     
  0.42054200172424316       0.42102408409118652       0.39653110504150391       0.39726209640502930     
  0.41444501280784607       0.41329401731491089       0.39101696014404297       0.38853895664215088     
  0.43345102667808533       0.43680900335311890       0.41576600074768066       0.42003798484802246     
  0.43621101975440979       0.43686097860336304       0.42457699775695801       0.42946505546569824     
m=10000:n=10000:k=60
  0.52423596382141113       0.50560605525970459       0.48993301391601562       0.49788105487823486     
  0.51591801643371582       0.50902098417282104       0.48367798328399658       0.49933910369873047     
  0.51103800535202026       0.51672697067260742       0.49156904220581055       0.49489307403564453     
  0.53705203533172607       0.51975101232528687       0.49135708808898926       0.50371217727661133     
  0.52846193313598633       0.52509003877639771       0.50218200683593750       0.50486397743225098     
m=10000:n=10000:k=70
  0.58620607852935791       0.57575213909149170       0.54037606716156006       0.55120611190795898     
  0.57604700326919556       0.58606100082397461       0.55488514900207520       0.54899501800537109     
  0.57857191562652588       0.57390606403350830       0.54600107669830322       0.55352807044982910     
  0.59019696712493896       0.59740793704986572       0.55122995376586914       0.54939579963684082     
  0.58476901054382324       0.59859991073608398       0.56869900226593018       0.57315516471862793     
m=10000:n=10000:k=80
  0.67273598909378052       0.67107391357421875       0.63398194313049316       0.63683795928955078     
  0.67615699768066406       0.67903506755828857       0.63000798225402832       0.63966679573059082     
  0.66587400436401367       0.66314804553985596       0.63613510131835938       0.63767910003662109     
  0.66720795631408691       0.67082905769348145       0.63380312919616699       0.63546395301818848     
  0.65849506855010986       0.66700804233551025       0.63086605072021484       0.63350296020507812     
m=10000:n=10000:k=90
  0.73571896553039551       0.71857905387878418       0.71024918556213379       0.70210599899291992     
  0.72746896743774414       0.73657596111297607       0.70334506034851074       0.69826412200927734     
  0.73943591117858887       0.75141704082489014       0.70818710327148438       0.70396184921264648     
  0.73051404953002930       0.73445796966552734       0.70576786994934082       0.70010900497436523     
  0.74079793691635132       0.74090600013732910       0.71450984477996826       0.71317505836486816     
m=10000:n=10000:k=100
  0.81815898418426514       0.81440496444702148       0.77847194671630859       0.77306604385375977     
  0.82568800449371338       0.81628203392028809       0.78433799743652344       0.77243685722351074     
  0.80783796310424805       0.81940293312072754       0.77099275588989258       0.76876306533813477     
  0.79800099134445190       0.81332802772521973       0.76785612106323242       0.77088999748229980     
  0.79661500453948975       0.79224514961242676       0.75847196578979492       0.77082705497741699     
m=10000:n=10000:k=110
  0.84723889827728271       0.84886384010314941       0.81173110008239746       0.82589292526245117     
  0.84958201646804810       0.84313893318176270       0.81343007087707520       0.81969499588012695     
  0.83539903163909912       0.84188103675842285       0.81393623352050781       0.81764101982116699     
  0.84498000144958496       0.85377490520477295       0.81028485298156738       0.81500720977783203     
  0.83980399370193481       0.84754693508148193       0.83032298088073730       0.82180595397949219     
m=10000:n=10000:k=120
  0.89643192291259766       0.88911092281341553       0.85128188133239746       0.85547494888305664     
  0.90454304218292236       0.88900101184844971       0.85002303123474121       0.86081004142761230     
  0.90553605556488037       0.89858198165893555       0.87378811836242676       0.85665607452392578     
  0.89135205745697021       0.89351201057434082       0.84778094291687012       0.84683299064636230     
  0.89638203382492065       0.90222501754760742       0.85745906829833984       0.86337685585021973     
m=10000:n=10000:k=130
  0.97715502977371216       0.98598504066467285       0.95118689537048340       0.94708085060119629     
  0.96597301959991455       0.96437001228332520       0.93354701995849609       0.93141293525695801     
  0.96985197067260742       0.97507786750793457       0.93401885032653809       0.94115877151489258     
  0.96423995494842529       0.97035789489746094       0.95140099525451660       0.94772100448608398     
  0.98413598537445068       0.97616803646087646       0.93345499038696289       0.94417500495910645     
m=10000:n=10000:k=140
   1.0338619947433472        1.0360620021820068        1.0033140182495117       0.99830222129821777     
   1.0393359661102295        1.0262730121612549        1.0029430389404297       0.99525117874145508     
   1.0403120517730713        1.0329968929290771        1.0014338493347168        1.0006949901580811     
   1.0223009586334229        1.0298979282379150       0.98406600952148438       0.99212408065795898     
   1.0435309410095215        1.0271818637847900       0.98076295852661133       0.99291491508483887     
m=10000:n=10000:k=150
   1.1070430278778076        1.1105039119720459        1.1030008792877197        1.1154499053955078     
   1.1075919866561890        1.1067870855331421        1.1003839969635010        1.1094348430633545     
   1.1171140670776367        1.1036441326141357        1.0970180034637451        1.0949130058288574     
   1.0915660858154297        1.0990500450134277        1.1063489913940430        1.1066608428955078     
   1.1060379743576050        1.1184818744659424        1.1046779155731201        1.1089882850646973     
m=10000:n=10000:k=160
   1.1736129522323608        1.1782759428024292        1.1625511646270752        1.1860568523406982     
   1.1712310314178467        1.1743581295013428        1.1512701511383057        1.1589608192443848     
   1.1812540292739868        1.1718750000000000        1.1659970283508301        1.1630802154541016     
   1.1807010173797607        1.1784319877624512        1.1680717468261719        1.1619009971618652     
   1.1735219955444336        1.1798681020736694        1.1523461341857910        1.1692910194396973     
m=10000:n=10000:k=170
   1.2320969104766846        1.2428380250930786        1.2321252822875977        1.2325887680053711     
   1.2537599802017212        1.2307411432266235        1.2213597297668457        1.2634367942810059     
   1.2611019611358643        1.2595529556274414        1.2330460548400879        1.2620339393615723     
   1.2491909265518188        1.2531700134277344        1.2497267723083496        1.2439389228820801     
   1.2475159168243408        1.2477120161056519        1.2344000339508057        1.2328448295593262     
m=10000:n=10000:k=180
   1.3139859437942505        1.3263510465621948        1.2879228591918945        1.3187961578369141     
   1.3207619190216064        1.3173301219940186        1.3099889755249023        1.3371491432189941     
   1.3258420228958130        1.3291590213775635        1.3207571506500244        1.3079209327697754     
   1.3236150741577148        1.3355729579925537        1.3046979904174805        1.3208813667297363     
   1.3165309429168701        1.3067170381546021        1.3157567977905273        1.3221330642700195     
m=10000:n=10000:k=190
   1.3826949596405029        1.3917999267578125        1.3703041076660156        1.3720650672912598     
   1.4009379148483276        1.4016039371490479        1.3761029243469238        1.3850440979003906     
   1.3868720531463623        1.3968541622161865        1.3704957962036133        1.3747048377990723     
   1.3849480152130127        1.3939260244369507        1.3617229461669922        1.3870439529418945     
   1.4023940563201904        1.4116010665893555        1.3744192123413086        1.3834819793701172     
m=10000:n=10000:k=200
   1.4679369926452637        1.4542539119720459        1.4312059879302979        1.4237799644470215     
   1.4484100341796875        1.4518821239471436        1.4239232540130615        1.4455509185791016     
   1.4779779911041260        1.4666550159454346        1.4268350601196289        1.4227080345153809     
   1.4408390522003174        1.4437370300292969        1.4210331439971924        1.4342188835144043     
   1.4625289440155029        1.4508110284805298        1.4134318828582764        1.4184112548828125     
m=10000:n=10000:k=210
   1.5514841079711914        1.5539431571960449        1.5330109596252441        1.5152173042297363     
   1.5537049770355225        1.5470268726348877        1.5180671215057373        1.5328216552734375     
   1.5448828935623169        1.5578069686889648        1.5216929912567139        1.5211482048034668     
   1.5423860549926758        1.5408089160919189        1.5172297954559326        1.5357446670532227     
   1.5461828708648682        1.5342891216278076        1.5210299491882324        1.5323948860168457     
m=10000:n=10000:k=220
   1.5917551517486572        1.5828049182891846        1.5840790271759033        1.6101942062377930     
   1.6173579692840576        1.5930280685424805        1.5939681529998779        1.5811958312988281     
   1.6202440261840820        1.6060028076171875        1.5824618339538574        1.5954351425170898     
   1.6029200553894043        1.6159131526947021        1.5867860317230225        1.5823960304260254     
   1.6158118247985840        1.6174890995025635        1.5753788948059082        1.5910062789916992     
m=10000:n=10000:k=230
   1.6839461326599121        1.7025489807128906        1.6598079204559326        1.6900582313537598     
   1.6944190263748169        1.6920390129089355        1.6643261909484863        1.6630601882934570     
   1.6809399127960205        1.6729991436004639        1.6611762046813965        1.7049527168273926     
   1.6840860843658447        1.6624870300292969        1.6831648349761963        1.6826701164245605     
   1.6722238063812256        1.6615099906921387        1.6579818725585938        1.6912102699279785     
m=10000:n=10000:k=240
   1.7431739568710327        1.7720279693603516        1.7242550849914551        1.7335619926452637     
   1.7366938591003418        1.7546060085296631        1.7088150978088379        1.7291269302368164     
   1.7379800081253052        1.7619988918304443        1.7092108726501465        1.7097082138061523     
   1.7597589492797852        1.7473506927490234        1.7173967361450195        1.7318286895751953     
   1.7577991485595703        1.7422659397125244        1.7204809188842773        1.7233338356018066     
m=10000:n=10000:k=250
   1.8081800937652588        1.8088450431823730        1.7965760231018066        1.8062090873718262     
   1.8195979595184326        1.8026618957519531        1.7936930656433105        1.7982249259948730     
   1.7954959869384766        1.8018841743469238        1.7982349395751953        1.8093018531799316     
   1.7986040115356445        1.7896871566772461        1.8061981201171875        1.8032736778259277     
   1.8092751502990723        1.8025290966033936        1.7906408309936523        1.7872357368469238     
m=10000:n=10000:k=260
   1.8672180175781250        1.8928999900817871        1.8456120491027832        1.8481345176696777     
   1.8946421146392822        1.8989689350128174        1.8393373489379883        1.8468890190124512     
   1.8754229545593262        1.8806431293487549        1.8511567115783691        1.8643145561218262     
   1.9058879613876343        1.8771371841430664        1.8422741889953613        1.8699698448181152     
   1.8819940090179443        1.8857150077819824        1.8340702056884766        1.8382658958435059     
m=10000:n=10000:k=270
   1.9333209991455078        1.9404158592224121        1.9173712730407715        1.9215979576110840     
   1.9469180107116699        1.9600529670715332        1.9180302619934082        1.9269948005676270     
   1.9388399124145508        1.9672961235046387        1.9046730995178223        1.9155488014221191     
   1.9346119165420532        1.9502282142639160        1.9218969345092773        1.9190349578857422     
   1.9441111087799072        1.9447512626647949        1.9241228103637695        1.9324455261230469     
m=10000:n=10000:k=280
   1.9900019168853760        2.0147550106048584        1.9820189476013184        1.9743990898132324     
   2.0032739639282227        2.0226790904998779        1.9683699607849121        1.9910597801208496     
   2.0117568969726562        2.0061910152435303        1.9815711975097656        1.9816718101501465     
   2.0080850124359131        2.0148661136627197        1.9928569793701172        1.9864459037780762     
   2.0053257942199707        1.9982061386108398        1.9876441955566406        1.9732875823974609     
m=10000:n=10000:k=290
   2.0939970016479492        2.0923900604248047        2.1136522293090820        2.1492719650268555     
   2.1021590232849121        2.1047801971435547        2.1011838912963867        2.1503148078918457     
   2.0995669364929199        2.0996217727661133        2.1498041152954102        2.1226959228515625     
   2.1026041507720947        2.1051461696624756        2.0895638465881348        2.1344556808471680     
   2.1005249023437500        2.0952639579772949        2.0858273506164551        2.1269803047180176     
m=10000:n=10000:k=300
   2.1701822280883789        2.1279921531677246        2.1737217903137207        2.1660718917846680     
   2.1321480274200439        2.0693092346191406        2.0215258598327637        2.0177140235900879     
   1.9960989952087402        1.9881827831268311        2.0042238235473633        2.0220799446105957     
   1.9997520446777344        1.9723017215728760        2.0042495727539062        2.0121855735778809     
   1.9903401136398315        1.9654450416564941        2.0151357650756836        2.0007815361022949     
m=10000:n=10000:k=310
   2.0553779602050781        2.0335738658905029        2.0417509078979492        2.0446572303771973     
   2.0449290275573730        2.0350036621093750        2.0423436164855957        2.0688242912292480     
   2.0577208995819092        2.0405540466308594        2.0661501884460449        2.0552568435668945     
   2.0290119647979736        2.0414748191833496        2.0438966751098633        2.0498600006103516     
   2.0498039722442627        2.0372629165649414        2.0473942756652832        2.0478315353393555     
m=10000:n=10000:k=320
   2.1396231651306152        2.1265518665313721        2.1089878082275391        2.1166100502014160     
   2.1003990173339844        2.1188831329345703        2.1002211570739746        2.1141166687011719     
   2.1092879772186279        2.0891890525817871        2.0930271148681641        2.1306443214416504     
   2.1121280193328857        2.1159238815307617        2.1057887077331543        2.1043448448181152     
   2.1200351715087891        2.1323957443237305        2.1208238601684570        2.1122469902038574     
m=10000:n=10000:k=330
   2.1709699630737305        2.1834552288055420        2.1698398590087891        2.1669692993164062     
   2.1624789237976074        2.1608688831329346        2.1489357948303223        2.1647105216979980     
   2.1875162124633789        2.1744329929351807        2.1663060188293457        2.1765460968017578     
   2.1749770641326904        2.1836791038513184        2.1692051887512207        2.1933031082153320     
   2.1802611351013184        2.1727690696716309        2.1576180458068848        2.1854896545410156     
m=10000:n=10000:k=340
   2.2479531764984131        2.2636489868164062        2.2238903045654297        2.2566490173339844     
   2.2576270103454590        2.2504267692565918        2.2214989662170410        2.2568879127502441     
   2.2499790191650391        2.2628140449523926        2.2251982688903809        2.2400922775268555     
   2.2596540451049805        2.2747371196746826        2.2358260154724121        2.2576446533203125     
   2.2250709533691406        2.2511858940124512        2.1936960220336914        2.2489519119262695     
m=10000:n=10000:k=350
   2.3226079940795898        2.3288152217864990        2.3332109451293945        2.3442673683166504     
   2.3297150135040283        2.3163290023803711        2.3281731605529785        2.3340463638305664     
   2.3116810321807861        2.3274698257446289        2.3218259811401367        2.3524703979492188     
   2.3434891700744629        2.3471012115478516        2.3485879898071289        2.3420386314392090     
   2.3315680027008057        2.3284189701080322        2.3269872665405273        2.4019780158996582     
m=10000:n=10000:k=360
   2.5595688819885254        2.5159609317779541        2.5178394317626953        2.5296497344970703     
   2.5506250858306885        2.5519571304321289        2.5100550651550293        2.5629854202270508     
   2.5900359153747559        2.5768251419067383        2.5267686843872070        2.5903882980346680     
   2.5570020675659180        2.5262928009033203        2.4978733062744141        2.5212688446044922     
   2.5426678657531738        2.4976162910461426        2.2982311248779297        2.4471588134765625     
m=10000:n=10000:k=370
   2.6148209571838379        2.6096229553222656        2.5357470512390137        2.6046619415283203     
   2.5943450927734375        2.5768411159515381        2.5063509941101074        2.5064811706542969     
   2.4489710330963135        2.4468789100646973        2.3686070442199707        2.4263010025024414     
   2.4348301887512207        2.4447839260101318        2.3757734298706055        2.4067525863647461     
   2.4165649414062500        2.4375758171081543        2.3779492378234863        2.4035220146179199     
m=10000:n=10000:k=380
   2.4611458778381348        2.4538416862487793        2.4476299285888672        2.4450502395629883     
   2.4913511276245117        2.4837379455566406        2.4589705467224121        2.4760913848876953     
   2.4984312057495117        2.4702000617980957        2.4408426284790039        2.4630565643310547     
   2.5018799304962158        2.4661369323730469        2.4659881591796875        2.4790678024291992     
   2.4877729415893555        2.4605231285095215        2.4348001480102539        2.4556031227111816     
m=10000:n=10000:k=390
   2.5565419197082520        2.5488331317901611        2.5074810981750488        2.5516910552978516     
   2.5421879291534424        2.5569336414337158        2.5379490852355957        2.5361070632934570     
   2.5539929866790771        2.5651819705963135        2.5320854187011719        2.5549173355102539     
   2.5913820266723633        2.5929191112518311        2.5545749664306641        2.5468931198120117     
   2.5936830043792725        2.5887336730957031        2.5506634712219238        2.5766077041625977     
m=10000:n=10000:k=400
   2.6739978790283203        2.6835100650787354        2.6104760169982910        2.6282234191894531     
   2.7827610969543457        2.8051156997680664        2.7648787498474121        2.7443141937255859     
   2.6710391044616699        2.6885368824005127        2.6032638549804688        2.6439781188964844     
   2.6744949817657471        2.6446430683135986        2.6094384193420410        2.6321687698364258     
   2.6932849884033203        2.6642947196960449        2.6053633689880371        2.6095600128173828     
m=10000:n=10000:k=410
   2.7051808834075928        2.7130961418151855        2.6927113533020020        2.6801328659057617     
   2.7043278217315674        2.7634651660919189        2.6822576522827148        2.7102231979370117     
   2.7171602249145508        2.7357618808746338        2.6842036247253418        2.7069101333618164     
   2.7674269676208496        2.7309751510620117        2.6937570571899414        2.7176504135131836     
   2.7465999126434326        2.7455449104309082        2.6852722167968750        2.7292242050170898     
m=10000:n=10000:k=420
   2.7797451019287109        2.8155980110168457        2.7425951957702637        2.7302007675170898     
   2.8496570587158203        2.8279922008514404        2.7393069267272949        2.7555637359619141     
   2.8299062252044678        2.8024840354919434        2.7523994445800781        2.7929859161376953     
   2.7982890605926514        2.8189840316772461        2.7745423316955566        2.7892332077026367     
   2.7913739681243896        2.8367497920989990        2.7277307510375977        2.7666759490966797     
m=10000:n=10000:k=430
   2.8343119621276855        2.8389141559600830        2.7873106002807617        2.8180465698242188     
   2.9095110893249512        2.8674178123474121        2.7877073287963867        2.8171014785766602     
   2.9063320159912109        2.8683671951293945        2.7799305915832520        2.8501138687133789     
   2.9493429660797119        2.8486020565032959        2.8180661201477051        2.8762111663818359     
   2.9291710853576660        2.8967931270599365        2.8303856849670410        2.8679094314575195     
m=10000:n=10000:k=440
   3.0378298759460449        3.0550031661987305        3.1269569396972656        3.1433954238891602     
   3.1554713249206543        3.2382669448852539        3.1188011169433594        3.1224174499511719     
   3.1190450191497803        3.1288738250732422        3.0834517478942871        2.9711189270019531     
   2.9955260753631592        2.9573318958282471        2.9345617294311523        2.9795179367065430     
   3.0038440227508545        2.9485106468200684        2.9178185462951660        2.9394855499267578     
m=10000:n=10000:k=450
   3.0780129432678223        3.0870237350463867        3.0131015777587891        3.0329790115356445     
   3.0511569976806641        3.0435247421264648        2.9853806495666504        3.0216493606567383     
   3.0982758998870850        3.1042737960815430        3.0098519325256348        3.0321140289306641     
   3.0399689674377441        3.0370521545410156        2.9971170425415039        3.0233898162841797     
   3.0674800872802734        3.0592749118804932        3.0019731521606445        3.0124692916870117     
m=10000:n=10000:k=460
   3.0661940574645996        3.0600566864013672        3.0454516410827637        3.0582876205444336     
   3.0457599163055420        3.0093438625335693        3.0033798217773438        3.0594387054443359     
   3.0484478473663330        3.1182219982147217        3.0663537979125977        3.0829982757568359     
   3.0913090705871582        3.0713911056518555        3.0569329261779785        3.0581769943237305     
   3.1118891239166260        3.0948991775512695        3.0486974716186523        3.0720071792602539     
m=10000:n=10000:k=470
   3.3197932243347168        3.2250118255615234        3.2548184394836426        3.1404380798339844     
   3.1350841522216797        3.1209111213684082        3.1197419166564941        3.1919889450073242     
   3.1709799766540527        3.1846129894256592        3.1515893936157227        3.1762428283691406     
   3.2069640159606934        3.1900272369384766        3.1697845458984375        3.1847667694091797     
   3.1849598884582520        3.1670267581939697        3.1333999633789062        3.1508283615112305     
m=10000:n=10000:k=480
   3.2350339889526367        3.2323298454284668        3.2298593521118164        3.2567262649536133     
   3.3387069702148438        3.3505830764770508        3.2262668609619141        3.2513895034790039     
   3.2859148979187012        3.2840170860290527        3.2164177894592285        3.2236747741699219     
   3.2425420284271240        3.2183399200439453        3.2163581848144531        3.2344369888305664     
   3.3656270503997803        3.3126559257507324        3.2226719856262207        3.2747707366943359     
m=10000:n=10000:k=490
   3.3199996948242188        3.2400608062744141        3.2430958747863770        3.3083744049072266     
   3.3307220935821533        3.3400049209594727        3.2672886848449707        3.2139787673950195     
   3.2422020435333252        3.3466901779174805        3.2495222091674805        3.3216714859008789     
   3.3269288539886475        3.3249273300170898        3.1997184753417969        3.2585878372192383     
   3.5175461769104004        3.4567122459411621        3.3988251686096191        3.2760772705078125     
m=10000:n=10000:k=500
   3.3613767623901367        3.4596428871154785        3.3578028678894043        3.3860893249511719     
   3.4179017543792725        3.4424586296081543        3.2957210540771484        3.3543844223022461     
   3.5037579536437988        3.4786033630371094        3.3590259552001953        3.3811550140380859     
   3.4214310646057129        3.3357348442077637        3.3580827713012695        3.3785686492919922     
   3.4446818828582764        3.4169230461120605        3.2935538291931152        3.3410663604736328     
m=10000:n=10000:k=510
   3.5752379894256592        3.5026822090148926        3.4320178031921387        3.4260435104370117     
   3.4993062019348145        3.4265651702880859        3.4058527946472168        3.4170932769775391     
   3.5354809761047363        3.5406961441040039        3.4063158035278320        3.3782281875610352     
   3.5672690868377686        3.5838270187377930        3.4410762786865234        3.4366512298583984     
   3.4837930202484131        3.4054431915283203        3.4017491340637207        3.4053058624267578     
m=10000:n=10000:k=520
   3.6333339214324951        3.5871453285217285        3.5242042541503906        3.5650224685668945     
   3.7426049709320068        3.8031730651855469        3.6155567169189453        3.6864223480224609     
   3.7548692226409912        3.7992305755615234        3.8397283554077148        3.7596893310546875     
   3.7837948799133301        3.7499070167541504        3.6190919876098633        3.5270690917968750     
   3.5990798473358154        3.6840662956237793        3.5569667816162109        3.5885839462280273     
m=10000:n=10000:k=530
   3.6719968318939209        3.8501586914062500        3.6609535217285156        3.7055454254150391     
   3.7242870330810547        3.7048430442810059        3.7097158432006836        3.6839952468872070     
   3.7733421325683594        3.6893095970153809        3.6967067718505859        3.7319183349609375     
   3.7525119781494141        3.7181339263916016        3.6563711166381836        3.7173080444335938     
   3.6300716400146484        3.7796483039855957        3.6256265640258789        3.6617832183837891     
m=10000:n=10000:k=540
   3.6623177528381348        3.7727394104003906        3.8225240707397461        3.7791395187377930     
   3.8292529582977295        3.7332029342651367        3.7086677551269531        3.6101179122924805     
   3.7490067481994629        3.7501068115234375        3.6211824417114258        3.6207761764526367     
   3.7307629585266113        3.8087425231933594        3.6471290588378906        3.6734418869018555     
   3.8054280281066895        3.6862540245056152        3.6688852310180664        3.7455329895019531     
m=10000:n=10000:k=550
   3.8471353054046631        3.8086709976196289        3.7370367050170898        3.8190746307373047     
   3.7489757537841797        3.8514933586120605        3.7826766967773438        3.7249202728271484     
   3.8834199905395508        3.8101582527160645        3.7401962280273438        3.7057828903198242     
   3.8775260448455811        3.8850531578063965        3.7047710418701172        3.7549676895141602     
   3.9067509174346924        3.7590241432189941        3.7866449356079102        3.8174295425415039     
m=10000:n=10000:k=560
   3.9664070606231689        3.9526309967041016        3.8073282241821289        3.8562374114990234     
   3.9736349582672119        4.1911926269531250        3.9792280197143555        3.7614927291870117     
   4.0640912055969238        3.9895253181457520        3.7735795974731445        3.8666706085205078     
   3.9247479438781738        3.8789434432983398        3.8396511077880859        3.8564891815185547     
   3.9745888710021973        3.9571638107299805        3.8224306106567383        3.4057893753051758     
m=10000:n=10000:k=570
   3.5288219451904297        3.5246529579162598        3.4364209175109863        3.4619102478027344     
   3.5410377979278564        3.5422010421752930        3.4656095504760742        3.4411983489990234     
   3.5230700969696045        3.5142178535461426        3.4229388236999512        3.4426679611206055     
   3.5335910320281982        3.5190439224243164        3.4865741729736328        3.6848182678222656     
   3.7141602039337158        3.6909542083740234        3.5381364822387695        3.6864795684814453     
m=10000:n=10000:k=580
   3.8176660537719727        3.6731371879577637        3.7551345825195312        3.7696199417114258     
   3.8033630847930908        3.7653160095214844        3.7242107391357422        3.7679758071899414     
   3.8030047416687012        3.8321719169616699        3.7825460433959961        3.7932996749877930     
   3.8002939224243164        3.8330821990966797        3.7549762725830078        3.8237800598144531     
   3.7749028205871582        3.8174161911010742        3.7823314666748047        3.8160724639892578     
m=10000:n=10000:k=590
   3.8733592033386230        3.8349800109863281        3.8241987228393555        3.8637313842773438     
   3.8644952774047852        3.8790426254272461        3.8444633483886719        3.8722991943359375     
   3.8555309772491455        3.8348793983459473        3.8625335693359375        3.8568983078002930     
   3.8833191394805908        3.8946609497070312        3.8844079971313477        3.8842744827270508     
   3.8479890823364258        3.8511142730712891        3.8625822067260742        3.8792552947998047     
m=10000:n=10000:k=600
   3.8925499916076660        3.9372520446777344        3.8753223419189453        3.9055738449096680     
   3.9230921268463135        3.9113726615905762        3.8893327713012695        3.8811025619506836     
   3.9220671653747559        3.9271678924560547        3.8984508514404297        3.9235353469848633     
   3.9232461452484131        3.9198555946350098        3.9156875610351562        3.9107398986816406     
   3.9167759418487549        3.9215869903564453        3.8877611160278320        3.9019508361816406     
m=10000:n=10000:k=610
   4.0067610740661621        4.0233631134033203        3.9647169113159180        3.9735994338989258     
   3.9731712341308594        4.0417690277099609        3.8855533599853516        4.0205621719360352     
   4.0606012344360352        4.0462689399719238        4.0709257125854492        4.0886135101318359     
   4.0867652893066406        4.1004672050476074        4.0928993225097656        4.0930938720703125     
   4.0791082382202148        4.0912055969238281        4.0711164474487305        4.1368608474731445     
m=10000:n=10000:k=620
   4.0537891387939453        4.1288523674011230        4.1179113388061523        4.1163434982299805     
   4.1309480667114258        4.1355915069580078        4.0807323455810547        4.1675701141357422     
   4.1064620018005371        4.1267023086547852        4.1079587936401367        4.1600265502929688     
   4.1420321464538574        4.1304225921630859        4.1281175613403320        4.1312122344970703     
   4.0710120201110840        4.1228728294372559        4.1144342422485352        4.1203374862670898     
m=10000:n=10000:k=630
   4.1198310852050781        4.1150822639465332        4.1058511734008789        4.0976476669311523     
   4.0900411605834961        4.0817470550537109        4.1015682220458984        4.0673942565917969     
   4.0718951225280762        4.0806322097778320        4.0629291534423828        4.0584182739257812     
   4.0490808486938477        4.1059203147888184        4.0748910903930664        4.0709419250488281     
   4.0818748474121094        4.0548820495605469        4.0425319671630859        4.0970191955566406     
m=10000:n=10000:k=640
   4.1488051414489746        4.1422972679138184        4.1007471084594727        4.0947484970092773     
   4.1903848648071289        4.1489629745483398        4.1090478897094727        4.1264524459838867     
   4.1507339477539062        4.1560106277465820        4.1058416366577148        4.1251764297485352     
   4.1216430664062500        4.1429815292358398        4.1034727096557617        4.1362686157226562     
   4.1239199638366699        4.1057362556457520        4.1184587478637695        4.0977506637573242     
m=10000:n=10000:k=650
   4.1685948371887207        4.1696248054504395        4.1590976715087891        4.1236629486083984     
   4.1622500419616699        4.1516427993774414        4.1176681518554688        4.1423788070678711     
   4.1547679901123047        4.1715927124023438        4.1629943847656250        4.1811895370483398     
   4.1563110351562500        4.1935901641845703        4.1493425369262695        4.1949224472045898     
   4.1584129333496094        4.1688718795776367        4.1291465759277344        4.1450519561767578     
m=10000:n=10000:k=660
   4.2272810935974121        4.2279677391052246        4.2018337249755859        4.2427186965942383     
   4.2256727218627930        4.2483344078063965        4.2117824554443359        4.2359466552734375     
   4.2258758544921875        4.2335720062255859        4.2295398712158203        4.2375097274780273     
   4.2062001228332520        4.2469244003295898        4.2024030685424805        4.0690851211547852     
   3.9696922302246094        3.9807877540588379        3.8938694000244141        3.9091978073120117     
m=10000:n=10000:k=670
   4.0405282974243164        4.0591511726379395        3.9440269470214844        3.9419002532958984     
   4.0223388671875000        4.0452857017517090        3.9518451690673828        3.9374618530273438     
   4.0388617515563965        4.0486598014831543        3.9236850738525391        3.9548931121826172     
   4.0630393028259277        4.0590181350708008        3.9335594177246094        3.9553775787353516     
   4.0529069900512695        4.0319514274597168        3.9447059631347656        3.9445800781250000     
m=10000:n=10000:k=680
   4.0960025787353516        4.0788803100585938        4.0086574554443359        4.0304508209228516     
   4.0680680274963379        4.0884985923767090        4.0051946640014648        4.0214185714721680     
   4.0675358772277832        4.0861606597900391        4.0268182754516602        4.0197553634643555     
   4.0873451232910156        4.0870900154113770        4.0163259506225586        4.0143547058105469     
   4.0735759735107422        4.0984063148498535        3.9900617599487305        4.0086612701416016     
m=10000:n=10000:k=690
   4.1518759727478027        4.1826124191284180        4.0456447601318359        4.0672063827514648     
   4.1580953598022461        4.1670780181884766        4.0544033050537109        4.0630865097045898     
   4.1589608192443848        4.1535611152648926        4.0551042556762695        4.0803194046020508     
   4.1439547538757324        4.1532759666442871        4.0509099960327148        4.0841073989868164     
   4.1526279449462891        4.1744222640991211        4.0561017990112305        4.0566921234130859     
m=10000:n=10000:k=700
   4.1989879608154297        4.2150826454162598        4.1153011322021484        4.1105117797851562     
   4.1987709999084473        4.2070579528808594        4.1140222549438477        4.1201047897338867     
   4.2034869194030762        4.1955647468566895        4.1038522720336914        4.1246128082275391     
   4.1844148635864258        4.1940941810607910        4.1025609970092773        4.1258306503295898     
   4.1996970176696777        4.2163047790527344        4.1288166046142578        4.1256551742553711     
m=10000:n=10000:k=710
   4.2597389221191406        4.2543039321899414        4.1954421997070312        4.2005882263183594     
   4.2462396621704102        4.2788543701171875        4.1594047546386719        4.1765871047973633     
   4.2651143074035645        4.2666954994201660        4.1586866378784180        4.2050781250000000     
   4.2544937133789062        4.2539291381835938        4.1674575805664062        4.1845998764038086     
   4.2553992271423340        4.2643156051635742        4.1706771850585938        4.1836528778076172     
m=10000:n=10000:k=720
   4.3364500999450684        4.3342442512512207        4.2315998077392578        4.2378673553466797     
   4.3361020088195801        4.3537964820861816        4.2153511047363281        4.2245159149169922     
   4.3443570137023926        4.3508710861206055        4.2334299087524414        4.2482337951660156     
   4.3267569541931152        4.3338084220886230        4.2342424392700195        4.2364091873168945     
   4.3209648132324219        4.3287067413330078        4.2102804183959961        4.2356004714965820     
m=10000:n=10000:k=730
   4.3662381172180176        4.3767380714416504        4.2982540130615234        4.3023080825805664     
   4.3768291473388672        4.3861060142517090        4.2776937484741211        4.2943716049194336     
   4.3851442337036133        4.3812365531921387        4.3035554885864258        4.3113536834716797     
   4.3735904693603516        4.3767490386962891        4.3015480041503906        4.3213253021240234     
   4.3640556335449219        4.3852634429931641        4.3047170639038086        4.2936058044433594     
m=10000:n=10000:k=740
   4.4335947036743164        4.4404482841491699        4.3197488784790039        4.3259859085083008     
   4.4604220390319824        4.4720726013183594        4.3422060012817383        4.3587465286254883     
   4.4445700645446777        4.4480919837951660        4.3291893005371094        4.3505334854125977     
   4.4391632080078125        4.4517173767089844        4.3257255554199219        4.3370113372802734     
   4.4369029998779297        4.4445424079895020        4.3327360153198242        4.3466396331787109     
m=10000:n=10000:k=750
   4.4940309524536133        4.5020284652709961        4.3917570114135742        4.4072418212890625     
   4.4919133186340332        4.5386352539062500        4.4246673583984375        4.4020261764526367     
   4.4849805831909180        4.5134549140930176        4.3957719802856445        4.3982419967651367     
   4.5008091926574707        4.5115685462951660        4.4005270004272461        4.4130687713623047     
   4.5033326148986816        4.4976754188537598        4.4006156921386719        4.4128828048706055     
m=10000:n=10000:k=760
   4.5563330650329590        4.5504078865051270        4.4541053771972656        4.4679193496704102     
   4.5330820083618164        4.5434141159057617        4.4589033126831055        4.4521102905273438     
   4.5453286170959473        4.5519666671752930        4.4313659667968750        4.4518537521362305     
   4.5570001602172852        4.5363345146179199        4.4499187469482422        4.4763698577880859     
   4.5292358398437500        4.5321359634399414        4.4430608749389648        4.4750976562500000     
m=10000:n=10000:k=770
   4.6004791259765625        4.6335496902465820        4.5091028213500977        4.5125608444213867     
   4.6129317283630371        4.6362390518188477        4.4948749542236328        4.5171432495117188     
   4.6226682662963867        4.6202669143676758        4.5057611465454102        4.5215206146240234     
   4.6159076690673828        4.6253094673156738        4.5176191329956055        4.5221633911132812     
   4.6001710891723633        4.6254386901855469        4.4908905029296875        4.5041961669921875     
m=10000:n=10000:k=780
   4.6762962341308594        4.6641249656677246        4.5647029876708984        4.5820837020874023     
   4.6539268493652344        4.6482515335083008        4.5648193359375000        4.5748872756958008     
   4.6508159637451172        4.6927199363708496        4.5806579589843750        4.5706424713134766     
   4.6642799377441406        4.6697545051574707        4.5580816268920898        4.5655441284179688     
   4.6549601554870605        4.6620397567749023        4.5589923858642578        4.5834836959838867     
m=10000:n=10000:k=790
   4.7040858268737793        4.7133359909057617        4.6153821945190430        4.6259584426879883     
   4.7224640846252441        4.7383346557617188        4.6155710220336914        4.6177873611450195     
   4.7357888221740723        4.7269515991210938        4.6175622940063477        4.6329174041748047     
   4.7153253555297852        4.7261362075805664        4.6275138854980469        4.6063833236694336     
   4.7082700729370117        4.7442173957824707        4.5947904586791992        4.6221027374267578     
m=10000:n=10000:k=800
   4.8223676681518555        4.7937607765197754        4.6558752059936523        4.6994256973266602     
   4.7890386581420898        4.7949600219726562        4.6726694107055664        4.6696376800537109     
   4.7971162796020508        4.8100476264953613        4.6699094772338867        4.6881065368652344     
   4.8087329864501953        4.7928943634033203        4.6525106430053711        4.6958913803100586     
   4.8004474639892578        4.8020172119140625        4.6758327484130859        4.6698026657104492     
m=10000:n=10000:k=810
   4.8298873901367188        4.8500995635986328        4.6984987258911133        4.7241458892822266     
   4.8320851325988770        4.8341298103332520        4.7038345336914062        4.7345466613769531     
   4.8261070251464844        4.8710021972656250        4.7231092453002930        4.7165002822875977     
   4.8461689949035645        4.8456959724426270        4.7251291275024414        4.7313938140869141     
   4.8355088233947754        4.8280072212219238        4.7073640823364258        4.7477931976318359     
m=10000:n=10000:k=820
   4.9195570945739746        4.9203128814697266        4.8030052185058594        4.7895145416259766     
   4.9105792045593262        4.9217457771301270        4.7729272842407227        4.8023977279663086     
   4.9112682342529297        4.9153919219970703        4.7861976623535156        4.8155269622802734     
   4.9057979583740234        4.9206929206848145        4.7722597122192383        4.7908382415771484     
   4.9135789871215820        4.9128456115722656        4.7815704345703125        4.8153295516967773     
m=10000:n=10000:k=830
   4.9541187286376953        4.9681091308593750        4.8504056930541992        4.8448762893676758     
   4.9637241363525391        4.9937620162963867        4.8330993652343750        4.8536272048950195     
   4.9840250015258789        4.9832696914672852        4.8394088745117188        4.8763761520385742     
   4.9621849060058594        4.9875931739807129        4.8440790176391602        4.8537387847900391     
   4.9585943222045898        4.9822092056274414        4.8281717300415039        4.8675928115844727     
m=10000:n=10000:k=840
   4.9988059997558594        5.0151658058166504        4.8879070281982422        4.9078388214111328     
   5.0381956100463867        5.0489077568054199        4.9227724075317383        4.9656600952148438     
   5.0270457267761230        5.0090026855468750        4.8840112686157227        4.9091014862060547     
   5.0032577514648438        5.0106878280639648        4.9028196334838867        4.8996753692626953     
   5.0232148170471191        5.0176396369934082        4.8930053710937500        4.9042310714721680     
m=10000:n=10000:k=850
   5.0899939537048340        5.0965666770935059        4.9617385864257812        4.9714164733886719     
   5.0854749679565430        5.1173229217529297        4.9640922546386719        4.9853553771972656     
   5.0923418998718262        5.1088590621948242        4.9537744522094727        4.9930896759033203     
   5.0776109695434570        5.1091246604919434        4.9594955444335938        4.9655876159667969     
   5.1021370887756348        5.1097221374511719        4.9521121978759766        4.9943428039550781     
m=10000:n=10000:k=860
   5.1369462013244629        5.1210942268371582        5.0058536529541016        5.0066280364990234     
   5.1637649536132812        5.1432862281799316        4.9799089431762695        5.0073184967041016     
   5.1190738677978516        5.1275339126586914        5.0115156173706055        5.0272827148437500     
   5.1276130676269531        5.1478419303894043        4.9936399459838867        5.0030460357666016     
   5.1110396385192871        5.1208605766296387        4.9927167892456055        5.0201492309570312     
m=10000:n=10000:k=870
   5.1908292770385742        5.2241706848144531        5.1134700775146484        5.1283683776855469     
   5.2598767280578613        5.2047400474548340        5.0853404998779297        5.1350002288818359     
   5.2134647369384766        5.2129821777343750        5.1171360015869141        5.1116657257080078     
   5.2021517753601074        5.2130293846130371        5.0804071426391602        5.1086254119873047     
   5.2027912139892578        5.2126126289367676        5.0940780639648438        5.1000366210937500     
m=10000:n=10000:k=880
   5.2479143142700195        5.2716360092163086        5.1215353012084961        5.1481895446777344     
   5.2512650489807129        5.2580595016479492        5.1168584823608398        5.1144199371337891     
   5.2588930130004883        5.2604322433471680        5.1179733276367188        5.1413478851318359     
   5.2494859695434570        5.2511286735534668        5.1207857131958008        5.1312980651855469     
   5.2501788139343262        5.2722358703613281        5.1142997741699219        5.1341571807861328     
m=10000:n=10000:k=890
   5.2952227592468262        5.3175091743469238        5.1928911209106445        5.2186851501464844     
   5.3186578750610352        5.3164258003234863        5.1736230850219727        5.1839218139648438     
   5.3087968826293945        5.3064765930175781        5.1898002624511719        5.2019081115722656     
   5.2958288192749023        5.3361411094665527        5.1685390472412109        5.1871795654296875     
   5.2926187515258789        5.3097071647644043        5.1901416778564453        5.2640933990478516     
m=10000:n=10000:k=900
   5.3997058868408203        5.4090971946716309        5.2474126815795898        5.2676315307617188     
   5.3785400390625000        5.3778982162475586        5.2396917343139648        5.2483863830566406     
   5.3929910659790039        5.4089369773864746        5.2420473098754883        5.2367343902587891     
   5.3840942382812500        5.4093933105468750        5.2824392318725586        5.2609329223632812     
   5.3798007965087891        5.4250459671020508        5.2397623062133789        5.2491188049316406     
m=10000:n=10000:k=910
   5.4333567619323730        5.4335727691650391        5.2851762771606445        5.2873058319091797     
   5.4326786994934082        5.4614300727844238        5.2741565704345703        5.3116855621337891     
   5.4338316917419434        5.4363584518432617        5.2818470001220703        5.3164768218994141     
   5.4539051055908203        5.4555792808532715        5.2848453521728516        5.2989635467529297     
   5.4319286346435547        5.4348778724670410        5.2890129089355469        5.2992362976074219     
m=10000:n=10000:k=920
   5.4786429405212402        5.5066757202148438        5.3299541473388672        5.3717536926269531     
   5.4720077514648438        5.4801239967346191        5.3506040573120117        5.3564300537109375     
   5.4679937362670898        5.4778127670288086        5.3277730941772461        5.3549175262451172     
   5.4696040153503418        5.4770426750183105        5.3444108963012695        5.3498725891113281     
   5.4672250747680664        5.4953064918518066        5.3315773010253906        5.3612384796142578     
m=10000:n=10000:k=930
   5.5438261032104492        5.5551748275756836        5.3896970748901367        5.3846874237060547     
   5.5424423217773438        5.5462274551391602        5.3795032501220703        5.4448909759521484     
   5.5526490211486816        5.5783839225769043        5.3895711898803711        5.3958072662353516     
   5.5593433380126953        5.5722856521606445        5.3901863098144531        5.4208316802978516     
   5.5443515777587891        5.5621528625488281        5.3948535919189453        5.4014511108398438     
m=10000:n=10000:k=940
   5.6235280036926270        5.6234750747680664        5.4545345306396484        5.4838180541992188     
   5.5939750671386719        5.6278934478759766        5.4477176666259766        5.4587726593017578     
   5.5989198684692383        5.6019067764282227        5.4691200256347656        5.4750995635986328     
   5.5869998931884766        5.6122107505798340        5.4355306625366211        5.4927139282226562     
   5.5898489952087402        5.6082148551940918        5.4636478424072266        5.4563255310058594     
m=10000:n=10000:k=950
   5.6522212028503418        5.6593866348266602        5.5271987915039062        5.5712833404541016     
   5.6350364685058594        5.6541047096252441        5.5087289810180664        5.5233039855957031     
   5.6954722404479980        5.6615896224975586        5.5144071578979492        5.5373191833496094     
   5.6494112014770508        5.6699795722961426        5.5172214508056641        5.5169029235839844     
   5.6434969902038574        5.6507449150085449        5.5344438552856445        5.5286598205566406     
m=10000:n=10000:k=960
   5.7300701141357422        5.7333030700683594        5.5517635345458984        5.5839405059814453     
   5.7223196029663086        5.7303609848022461        5.5580444335937500        5.5617122650146484     
   5.7553825378417969        5.7345438003540039        5.5650482177734375        5.5692481994628906     
   5.7189021110534668        5.7621750831604004        5.5566959381103516        5.5814990997314453     
   5.7274880409240723        5.7232117652893066        5.5719213485717773        5.5911903381347656     
m=10000:n=10000:k=970
   5.7845010757446289        5.7707929611206055        5.6138019561767578        5.6533432006835938     
   5.7774448394775391        5.7953386306762695        5.6258258819580078        5.6305503845214844     
   5.7881460189819336        5.7727198600769043        5.6231594085693359        5.6344299316406250     
   5.7561473846435547        5.8177213668823242        5.6406955718994141        5.6545810699462891     
   5.7622375488281250        5.7920103073120117        5.6428337097167969        5.6336536407470703     
m=10000:n=10000:k=980
   5.8512477874755859        5.8581624031066895        5.6649255752563477        5.6959228515625000     
   5.8496723175048828        5.8580460548400879        5.6588926315307617        5.6796169281005859     
   5.8616900444030762        5.8459401130676270        5.6690073013305664        5.6984977722167969     
   5.8375816345214844        5.8845472335815430        5.6609964370727539        5.7035274505615234     
   5.8312840461730957        5.8617610931396484        5.6822566986083984        5.6706581115722656     
m=10000:n=10000:k=990
   5.8950176239013672        5.8915591239929199        5.7194652557373047        5.7542591094970703     
   5.8934712409973145        5.9169158935546875        5.7146396636962891        5.7720451354980469     
   5.9071683883666992        5.9167780876159668        5.7254810333251953        5.7457427978515625     
   5.9141831398010254        5.9038276672363281        5.7315101623535156        5.7417049407958984     
   5.8848509788513184        5.9540762901306152        5.7269525527954102        5.7465038299560547     
m=10000:n=10000:k=1000
   6.0060300827026367        6.0367422103881836        5.7368707656860352        5.7608585357666016     
   6.0501232147216797        6.0162801742553711        5.6994161605834961        5.7474002838134766     
   6.0027952194213867        6.0635876655578613        5.7135171890258789        5.7234249114990234     
   6.0279989242553711        6.0730719566345215        5.7169971466064453        5.7151851654052734     
   6.0340571403503418        6.0349059104919434        5.7041263580322266        5.7373409271240234     
