m=10000:n=10000:k=10
  0.15164998173713684       0.15127098560333252       0.13665699958801270       0.13361501693725586     
  0.15016698837280273       0.14752596616744995       0.12900096178054810       0.13186895847320557     
  0.14894101023674011       0.14827203750610352       0.12503594160079956       0.12658798694610596     
  0.15006801486015320       0.14625602960586548       0.13223999738693237       0.12316197156906128     
  0.15316799283027649       0.15095096826553345       0.13462996482849121       0.12351399660110474     
m=10000:n=10000:k=20
  0.21730899810791016       0.22139394283294678       0.20029097795486450       0.20802497863769531     
  0.22113302350044250       0.22484701871871948       0.19728803634643555       0.20499706268310547     
  0.21764302253723145       0.21910804510116577       0.19687706232070923       0.20513510704040527     
  0.22610300779342651       0.22248500585556030       0.20253199338912964       0.20062005519866943     
  0.22629296779632568       0.22045403718948364       0.19956302642822266       0.20398902893066406     
m=10000:n=10000:k=30
  0.27841997146606445       0.27575302124023438       0.25138902664184570       0.25157701969146729     
  0.27228897809982300       0.27157503366470337       0.25231003761291504       0.25054097175598145     
  0.27781400084495544       0.27498596906661987       0.24957996606826782       0.25752997398376465     
  0.27100297808647156       0.27039301395416260       0.24872499704360962       0.25119102001190186     
  0.28993701934814453       0.29140502214431763       0.26354700326919556       0.26153004169464111     
m=10000:n=10000:k=40
  0.34315502643585205       0.34270799160003662       0.32298004627227783       0.32335710525512695     
  0.34077197313308716       0.33984804153442383       0.32875406742095947       0.32585608959197998     
  0.35613301396369934       0.34948605298995972       0.32747399806976318       0.34106492996215820     
  0.35484001040458679       0.34402805566787720       0.32977890968322754       0.33595097064971924     
  0.35342803597450256       0.34681105613708496       0.32679200172424316       0.33159995079040527     
m=10000:n=10000:k=50
  0.42120799422264099       0.44339090585708618       0.41660904884338379       0.40513205528259277     
  0.43962496519088745       0.43277096748352051       0.41158306598663330       0.41744303703308105     
  0.43609702587127686       0.43657904863357544       0.40986585617065430       0.41584897041320801     
  0.43649497628211975       0.43348592519760132       0.40661704540252686       0.40649318695068359     
  0.43467697501182556       0.43337494134902954       0.40548300743103027       0.41277003288269043     
m=10000:n=10000:k=60
  0.50469899177551270       0.51532399654388428       0.50618803501129150       0.51833295822143555     
  0.55733495950698853       0.55990195274353027       0.51562094688415527       0.51716709136962891     
  0.56125402450561523       0.56433606147766113       0.51860094070434570       0.52748394012451172     
  0.56676799058914185       0.55623602867126465       0.52996087074279785       0.53213191032409668     
  0.56195598840713501       0.56654703617095947       0.54114699363708496       0.53258895874023438     
m=10000:n=10000:k=70
  0.63351303339004517       0.63064599037170410       0.59471702575683594       0.59883713722229004     
  0.64234197139739990       0.64155006408691406       0.60078501701354980       0.61591196060180664     
  0.62898695468902588       0.62732601165771484       0.60289812088012695       0.61173200607299805     
  0.63017803430557251       0.62982404232025146       0.59350895881652832       0.59144306182861328     
  0.63809800148010254       0.63934910297393799       0.60853195190429688       0.58907294273376465     
m=10000:n=10000:k=80
  0.70614194869995117       0.71010601520538330       0.66789197921752930       0.66506099700927734     
  0.74550998210906982       0.99980902671813965       0.93356800079345703       0.96545410156250000     
   1.0260620117187500        1.0350949764251709       0.94030618667602539       0.90545892715454102     
   1.0049760341644287        1.0096421241760254       0.94942808151245117       0.96996688842773438     
   1.0261230468750000        1.0626959800720215       0.91005587577819824       0.95504617691040039     
m=10000:n=10000:k=90
   1.0225570201873779        1.0653300285339355        1.0387120246887207        1.0505299568176270     
   1.0449719429016113        1.1071499586105347        1.0295488834381104       0.98269581794738770     
   1.1102879047393799        1.0450370311737061        1.0403091907501221        1.0637598037719727     
   1.0913810729980469        1.1266911029815674       0.97406792640686035        1.0291438102722168     
   1.0664110183715820        1.0918871164321899        1.0732121467590332       0.97410106658935547     
m=10000:n=10000:k=100
   1.1910789012908936        1.1985180377960205        1.0932631492614746        1.1943702697753906     
   1.2544989585876465        1.2993128299713135        1.0808157920837402        1.0858960151672363     
   1.1592339277267456        1.2507219314575195        1.1901080608367920        1.0815362930297852     
   1.2886859178543091        1.1084010601043701        1.0802168846130371        1.1780176162719727     
   1.2587199211120605        1.3215858936309814        1.0362381935119629        1.1891803741455078     
m=10000:n=10000:k=110
   1.3073550462722778        1.0981581211090088       0.94493818283081055       0.93539381027221680     
  0.99436491727828979        1.0740249156951904       0.96014380455017090       0.98662400245666504     
   1.2904200553894043        1.1710412502288818        1.1673159599304199        1.1949510574340820     
   1.2993080615997314        1.2344870567321777        1.2307438850402832        1.1464753150939941     
   1.1686829328536987        1.2830278873443604        1.1100721359252930        1.2153172492980957     
m=10000:n=10000:k=120
   1.2172849178314209        1.1784379482269287        1.1239748001098633        1.0944838523864746     
   1.1438820362091064        1.1860220432281494        1.1408941745758057        1.0854978561401367     
   1.2068680524826050        1.2125641107559204        1.0549659729003906        1.1171932220458984     
   1.2062239646911621        1.1272360086441040        1.1554279327392578        1.0629110336303711     
   1.1831719875335693        1.2281382083892822        1.0825462341308594        1.1513681411743164     
m=10000:n=10000:k=130
   1.3249510526657104        1.2681529521942139        1.2708208560943604        1.2084650993347168     
   1.2551500797271729        1.3778649568557739        1.1693692207336426        1.2612318992614746     
   1.3549319505691528        1.2816379070281982        1.2362961769104004        1.2189569473266602     
   1.2648029327392578        1.3718228340148926        1.1836161613464355        1.2532939910888672     
   1.3534350395202637        1.2545509338378906        1.2564878463745117        1.1933479309082031     
m=10000:n=10000:k=140
   1.2329279184341431        1.2520499229431152        1.1380081176757812        1.2057743072509766     
   1.2564089298248291        1.3266348838806152        1.2495412826538086        1.2834887504577637     
   1.3067328929901123        1.3968580961227417        1.2676219940185547        1.2930116653442383     
   1.3868169784545898        1.2942478656768799        1.2869157791137695        1.2492265701293945     
   1.3475129604339600        1.4146478176116943        1.2204740047454834        1.3461713790893555     
m=10000:n=10000:k=150
   1.3805420398712158        1.2446908950805664        1.2821769714355469        1.2807502746582031     
   1.2290999889373779        1.2048449516296387        1.2413599491119385        1.2299313545227051     
   1.2317719459533691        1.2447621822357178        1.2181987762451172        1.2069740295410156     
   1.2055461406707764        1.2448019981384277        1.2458720207214355        1.2461891174316406     
   1.2390949726104736        1.2931580543518066        1.2264649868011475        1.3572292327880859     
m=10000:n=10000:k=160
   1.3985869884490967        1.3545150756835938        1.4427411556243896        1.3549571037292480     
   1.3639169931411743        1.4411320686340332        1.3845012187957764        1.3279051780700684     
   1.3828148841857910        1.4119887351989746        1.3327820301055908        1.4218592643737793     
   1.4101109504699707        1.3669159412384033        1.3677151203155518        1.4073338508605957     
   1.4059900045394897        1.3729069232940674        1.3722827434539795        1.3316969871520996     
m=10000:n=10000:k=170
   1.4509608745574951        1.4677228927612305        1.4094800949096680        1.4875521659851074     
   1.4833949804306030        1.4236328601837158        1.4683701992034912        1.4618859291076660     
   1.4466838836669922        1.4827520847320557        1.4526629447937012        1.4052653312683105     
   1.4860048294067383        1.4565279483795166        1.3869931697845459        1.5035758018493652     
   1.4736359119415283        1.4272601604461670        1.4796380996704102        1.4173402786254883     
m=10000:n=10000:k=180
   1.5365209579467773        1.5740659236907959        1.4830989837646484        1.6049046516418457     
   1.5767440795898438        1.5270309448242188        1.5560381412506104        1.5479140281677246     
   1.5339750051498413        1.5779030323028564        1.5136842727661133        1.5191006660461426     
   1.5853779315948486        1.5687360763549805        1.4934048652648926        1.5668520927429199     
   1.5374319553375244        1.5216419696807861        1.5146079063415527        1.4887232780456543     
m=10000:n=10000:k=190
   1.6923969984054565        1.6939911842346191        1.5649271011352539        1.6366200447082520     
   1.6448380947113037        1.5933890342712402        1.6066737174987793        1.5974369049072266     
   1.6493520736694336        1.6495680809020996        1.5548996925354004        1.6398229598999023     
   1.6756440401077271        1.5918350219726562        1.6132597923278809        1.5507397651672363     
   1.5408220291137695        1.5187578201293945        1.4812290668487549        1.4869980812072754     
m=10000:n=10000:k=200
   1.5621769428253174        1.5974559783935547        1.5612239837646484        1.6049723625183105     
   1.6513448953628540        1.6359598636627197        1.5969917774200439        1.5924520492553711     
   1.6347889900207520        1.6602740287780762        1.6301271915435791        1.6495590209960938     
   1.6810848712921143        1.6501259803771973        1.6027030944824219        1.6180171966552734     
   1.6504920721054077        1.6823391914367676        1.6539230346679688        1.6794638633728027     
m=10000:n=10000:k=210
   1.8053640127182007        1.7693541049957275        1.7324738502502441        1.7579922676086426     
   1.7859718799591064        1.8070311546325684        1.7514109611511230        1.7758030891418457     
   1.7756009101867676        1.7931971549987793        1.7273430824279785        1.7295117378234863     
   1.8026090860366821        1.7711689472198486        1.7466769218444824        1.7604079246520996     
   1.7570061683654785        1.7722802162170410        1.7265777587890625        1.7317848205566406     
m=10000:n=10000:k=220
   1.8281790018081665        1.8431060314178467        1.8144450187683105        1.8214240074157715     
   1.8312509059906006        1.8333628177642822        1.7936148643493652        1.8217372894287109     
   1.7865169048309326        1.7754960060119629        1.7415232658386230        1.7805356979370117     
   1.7662038803100586        1.7358551025390625        1.7055420875549316        1.7338500022888184     
   1.7333970069885254        1.7439751625061035        1.7247900962829590        1.7353882789611816     
m=10000:n=10000:k=230
   1.8323528766632080        1.7897841930389404        1.7741169929504395        1.8047962188720703     
   1.7966798543930054        1.8037159442901611        1.7827649116516113        1.8117427825927734     
   1.8044289350509644        1.7966361045837402        1.7746300697326660        1.8046083450317383     
   1.8054350614547729        1.8383371829986572        1.7934517860412598        1.8420410156250000     
   1.8164831399917603        1.7854080200195312        1.7714962959289551        1.7907691001892090     
m=10000:n=10000:k=240
   1.8766591548919678        1.9123601913452148        1.8604259490966797        1.8755130767822266     
   1.9053720235824585        1.8878588676452637        1.8449707031250000        1.8529286384582520     
   1.8851840496063232        1.8901739120483398        1.8544411659240723        1.8450078964233398     
   1.9112961292266846        1.9178519248962402        1.8643469810485840        1.8745150566101074     
   1.8919920921325684        1.9020810127258301        1.8512339591979980        1.8757481575012207     
m=10000:n=10000:k=250
   1.9521389007568359        1.9748058319091797        1.9414806365966797        1.9355068206787109     
   1.9475009441375732        1.9355380535125732        1.9167680740356445        1.9312324523925781     
   1.9654629230499268        1.9693660736083984        1.9363279342651367        1.9555892944335938     
   1.9576439857482910        1.9543719291687012        1.9129238128662109        1.9596614837646484     
   1.9701631069183350        1.9711458683013916        1.9393095970153809        1.9716839790344238     
m=10000:n=10000:k=260
   2.0464081764221191        2.0270066261291504        1.9838099479675293        2.0064630508422852     
   2.0315599441528320        2.0439610481262207        1.9912443161010742        2.0124864578247070     
   2.0736060142517090        2.0537230968475342        1.9914159774780273        1.9993181228637695     
   2.0392658710479736        2.0487480163574219        2.0014147758483887        2.0387244224548340     
   2.0882790088653564        2.0617718696594238        2.0399088859558105        2.0367469787597656     
m=10000:n=10000:k=270
   2.1725661754608154        2.1317749023437500        2.0851240158081055        2.1051993370056152     
   2.1564719676971436        2.1146090030670166        2.1042990684509277        2.1391658782958984     
   2.1734240055084229        2.1496610641479492        2.0664310455322266        2.0896701812744141     
   2.1436829566955566        2.1349368095397949        2.0750145912170410        2.0881605148315430     
   2.1306488513946533        2.1435379981994629        2.0886111259460449        2.1143550872802734     
m=10000:n=10000:k=280
   2.2091970443725586        2.1961808204650879        2.1621804237365723        2.1655831336975098     
   2.1747951507568359        2.2049601078033447        2.1424832344055176        2.1376752853393555     
   2.2041299343109131        2.1934776306152344        2.1154608726501465        2.1325244903564453     
   2.2323470115661621        2.1902732849121094        2.1442341804504395        2.2114992141723633     
   2.2275400161743164        2.1960368156433105        2.1402750015258789        2.1098103523254395     
m=10000:n=10000:k=290
   2.2588829994201660        2.3278017044067383        2.3280258178710938        2.3379731178283691     
   2.3432371616363525        2.3188838958740234        2.2787370681762695        2.3130235671997070     
   2.3121449947357178        2.3205358982086182        2.2920022010803223        2.3184118270874023     
   2.2762820720672607        2.2772727012634277        2.3156867027282715        2.3506574630737305     
   2.3212070465087891        2.2875452041625977        2.2495660781860352        2.3353195190429688     
m=10000:n=10000:k=300
   2.3883547782897949        2.3538348674774170        2.3427581787109375        2.3392291069030762     
   2.3490440845489502        2.3657226562500000        2.3684506416320801        2.3785533905029297     
   2.3617110252380371        2.3309741020202637        2.3737201690673828        2.4021658897399902     
   2.3833611011505127        2.3816261291503906        2.3349661827087402        2.3780307769775391     
   2.4105949401855469        2.3661379814147949        2.2970290184020996        2.3935871124267578     
m=10000:n=10000:k=310
   2.4663109779357910        2.4547851085662842        2.4068679809570312        2.4406633377075195     
   2.4775419235229492        2.4231810569763184        2.4029312133789062        2.4130740165710449     
   2.4659988880157471        2.4298253059387207        2.3843131065368652        2.3821110725402832     
   2.4795670509338379        2.4435091018676758        2.4153785705566406        2.4073314666748047     
   2.4928328990936279        2.4273378849029541        2.3777022361755371        2.4187884330749512     
m=10000:n=10000:k=320
   2.5590891838073730        2.5146150588989258        2.4606924057006836        2.5653028488159180     
   2.6018359661102295        2.5006279945373535        2.4455790519714355        2.5568571090698242     
   2.6322441101074219        2.5196609497070312        2.4231219291687012        2.5707883834838867     
   2.6152570247650146        2.4902667999267578        2.4542031288146973        2.5429315567016602     
   2.5359199047088623        2.4613721370697021        2.5072402954101562        2.5147695541381836     
m=10000:n=10000:k=330
   2.5631618499755859        2.6517488956451416        2.6049089431762695        2.5480442047119141     
   2.5366899967193604        2.6231710910797119        2.5367512702941895        2.5539073944091797     
   2.6242251396179199        2.6038229465484619        2.5283584594726562        2.6260147094726562     
   2.6407129764556885        2.5695018768310547        2.5144023895263672        2.6147565841674805     
   2.6115679740905762        2.5146739482879639        2.6071591377258301        2.5729303359985352     
m=10000:n=10000:k=340
   2.6418128013610840        2.7656857967376709        2.6528782844543457        2.5970268249511719     
   2.7244498729705811        2.6951429843902588        2.5818495750427246        2.6679906845092773     
   2.7247550487518311        2.6231338977813721        2.6945772171020508        2.6949539184570312     
   2.6539020538330078        2.7130119800567627        2.6577048301696777        2.6137247085571289     
   2.6729550361633301        2.7048268318176270        2.6072511672973633        2.6403932571411133     
m=10000:n=10000:k=350
   2.8404960632324219        2.7441377639770508        2.7161993980407715        2.7825984954833984     
   2.7505970001220703        2.7136890888214111        2.7544422149658203        2.6721611022949219     
   2.7134478092193604        2.7757308483123779        2.6853489875793457        2.7368345260620117     
   2.7774100303649902        2.6962108612060547        2.7581362724304199        2.7817649841308594     
   2.7318570613861084        2.8475112915039062        2.7898759841918945        2.7062578201293945     
m=10000:n=10000:k=360
   2.9578158855438232        2.8762600421905518        2.7027211189270020        2.8323564529418945     
   2.8327059745788574        2.7299401760101318        2.7627000808715820        2.7389163970947266     
   2.7825560569763184        2.8469181060791016        2.7187519073486328        2.7943363189697266     
   2.9513208866119385        2.8101348876953125        2.9119777679443359        2.8057575225830078     
   2.8027701377868652        2.8786969184875488        2.7735872268676758        2.8351125717163086     
m=10000:n=10000:k=370
   2.9347600936889648        2.8293766975402832        2.8556652069091797        2.8516530990600586     
   2.8861670494079590        2.9505312442779541        2.8064489364624023        2.9511690139770508     
   2.9238359928131104        2.8460309505462646        2.8982219696044922        2.8694248199462891     
   2.9540419578552246        2.9983527660369873        2.8269438743591309        2.9403314590454102     
   2.9900488853454590        3.0115449428558350        2.9285330772399902        2.8982591629028320     
m=10000:n=10000:k=380
   3.0874068737030029        3.0678942203521729        2.9353594779968262        3.0646266937255859     
   3.0335299968719482        3.0678987503051758        3.0787453651428223        2.9196300506591797     
   3.1309890747070312        3.0699222087860107        2.9028911590576172        2.7782783508300781     
   2.7918791770935059        2.7909708023071289        2.7597699165344238        2.7629346847534180     
   2.7767930030822754        2.7372207641601562        2.7357349395751953        2.7234582901000977     
m=10000:n=10000:k=390
   2.8154368400573730        2.8096981048583984        2.8057446479797363        2.8316011428833008     
   2.8455548286437988        2.8416261672973633        2.8080182075500488        2.8017797470092773     
   2.7811901569366455        2.7942690849304199        2.7594256401062012        2.7663192749023438     
   2.8147661685943604        2.7655930519104004        2.8079280853271484        2.8936004638671875     
   2.8299431800842285        2.7944703102111816        2.7923383712768555        2.8353128433227539     
m=10000:n=10000:k=400
   2.8515949249267578        2.8801522254943848        2.8557958602905273        2.9021425247192383     
   2.9270720481872559        2.9244928359985352        2.9172043800354004        2.8832054138183594     
   2.8654880523681641        2.8776962757110596        2.8501005172729492        2.9000787734985352     
   2.8843269348144531        2.9004030227661133        2.9229879379272461        2.9533128738403320     
   2.8651170730590820        2.8970861434936523        2.8690381050109863        2.8861312866210938     
m=10000:n=10000:k=410
   2.9193179607391357        2.9324138164520264        2.9503703117370605        2.9788799285888672     
   2.9641168117523193        2.9977018833160400        2.9377532005310059        2.8996667861938477     
   2.9412038326263428        2.9786870479583740        2.8825178146362305        2.9287490844726562     
   2.9509878158569336        3.0196847915649414        2.9737701416015625        2.9432849884033203     
   2.9109129905700684        2.9003911018371582        2.8631925582885742        2.8868532180786133     
m=10000:n=10000:k=420
   3.0290429592132568        3.0522747039794922        3.0472984313964844        3.1087970733642578     
   3.0817818641662598        3.0292608737945557        2.9884920120239258        3.0124683380126953     
   3.0351119041442871        3.0019459724426270        2.9725513458251953        3.0050983428955078     
   3.0225131511688232        3.0964069366455078        3.0351114273071289        2.9853353500366211     
   3.0504810810089111        3.0289931297302246        2.9903211593627930        2.9999847412109375     
m=10000:n=10000:k=430
   3.1036550998687744        3.1242730617523193        3.0920767784118652        3.1080789566040039     
   3.0829749107360840        3.0734069347381592        3.0125246047973633        3.0766849517822266     
   3.0413370132446289        3.0985736846923828        3.0627989768981934        3.0876417160034180     
   3.1158990859985352        3.1121602058410645        3.0345649719238281        3.0404214859008789     
   3.0877799987792969        3.1007280349731445        3.0250225067138672        3.0600585937500000     
m=10000:n=10000:k=440
   3.1150000095367432        3.1220531463623047        3.1444578170776367        3.1819133758544922     
   3.1538150310516357        3.1209740638732910        3.0915765762329102        3.1252584457397461     
   3.1165790557861328        3.1605100631713867        3.1797161102294922        3.1882085800170898     
   3.2091536521911621        3.2085080146789551        3.1331806182861328        3.1608457565307617     
   3.1587471961975098        3.1496210098266602        3.1502370834350586        3.1748657226562500     
m=10000:n=10000:k=450
   3.2787730693817139        3.2425322532653809        3.2601900100708008        3.3078365325927734     
   3.2502679824829102        3.1916189193725586        3.1594762802124023        3.2377099990844727     
   3.2587289810180664        3.2406167984008789        3.2470102310180664        3.2689437866210938     
   3.2779238224029541        3.2569847106933594        3.2087693214416504        3.2524871826171875     
   3.2314388751983643        3.2122020721435547        3.1846737861633301        3.2325201034545898     
m=10000:n=10000:k=460
   3.3096489906311035        3.2849903106689453        3.2974224090576172        3.3184232711791992     
   3.3453931808471680        3.3293809890747070        3.3114376068115234        3.3096542358398438     
   3.2729241847991943        3.2967038154602051        3.2965846061706543        3.3350067138671875     
   3.3478081226348877        3.3361191749572754        3.3721961975097656        3.3812398910522461     
   3.3227438926696777        3.2877259254455566        3.2784800529479980        3.3068256378173828     
m=10000:n=10000:k=470
   3.3755273818969727        3.4486918449401855        3.3488097190856934        3.4026165008544922     
   3.4262592792510986        3.4187898635864258        3.3757371902465820        3.3587341308593750     
   3.3828051090240479        3.3903241157531738        3.3606948852539062        3.3557891845703125     
   3.3435108661651611        3.3696513175964355        3.3672966957092285        3.4405994415283203     
   3.4126498699188232        3.3653507232666016        3.3325901031494141        3.3537044525146484     
m=10000:n=10000:k=480
   3.4525761604309082        3.4579501152038574        3.3889660835266113        3.4275121688842773     
   3.4652731418609619        3.4863729476928711        3.4448933601379395        3.5021858215332031     
   3.4303030967712402        3.4080109596252441        3.3817791938781738        3.4090852737426758     
   3.4087109565734863        3.4098539352416992        3.3868117332458496        3.4311676025390625     
   3.4838128089904785        3.4539999961853027        3.4070987701416016        3.4224557876586914     
m=10000:n=10000:k=490
   3.4635922908782959        3.4570417404174805        3.4484806060791016        3.4697694778442383     
   3.5087182521820068        3.5047459602355957        3.4625792503356934        3.5015211105346680     
   3.5340240001678467        3.5201950073242188        3.4863686561584473        3.4822750091552734     
   3.4652738571166992        3.4921393394470215        3.4515299797058105        3.5166168212890625     
   3.4965732097625732        3.4549188613891602        3.4799041748046875        3.5384874343872070     
m=10000:n=10000:k=500
   3.5813360214233398        3.5748057365417480        3.4897098541259766        3.5058240890502930     
   3.5460298061370850        3.6311678886413574        3.6186914443969727        3.6072311401367188     
   3.5218901634216309        3.5897932052612305        3.5951957702636719        3.6066493988037109     
   3.6454639434814453        3.5590605735778809        3.4414472579956055        3.4676742553710938     
   3.4797968864440918        3.4603061676025391        3.4595484733581543        3.4280023574829102     
m=10000:n=10000:k=510
   3.5156979560852051        3.5737361907958984        3.5888257026672363        3.6032695770263672     
   3.5550880432128906        3.5442728996276855        3.4855141639709473        3.4763851165771484     
   3.5324578285217285        3.5430655479431152        3.5201144218444824        3.5138540267944336     
   3.5974869728088379        3.5936570167541504        3.5649862289428711        3.5373239517211914     
   3.5767018795013428        3.5492691993713379        3.5089979171752930        3.5390596389770508     
m=10000:n=10000:k=520
   3.7145452499389648        3.7223849296569824        3.6522054672241211        3.6631565093994141     
   3.7657413482666016        3.7666935920715332        3.6330852508544922        3.6163091659545898     
   3.7732930183410645        3.7686967849731445        3.6238470077514648        3.6593790054321289     
   3.7672660350799561        3.7519674301147461        3.6879425048828125        3.6833534240722656     
   3.8333351612091064        3.8129563331604004        3.6972246170043945        3.7133302688598633     
m=10000:n=10000:k=530
   3.7805919647216797        3.7416334152221680        3.7217483520507812        3.8323802947998047     
   3.8265278339385986        3.8451485633850098        3.7760667800903320        3.8243217468261719     
   3.7339267730712891        3.7172603607177734        3.7323751449584961        3.7731103897094727     
   3.7669739723205566        3.7909941673278809        3.7396793365478516        3.7593908309936523     
   3.8187267780303955        3.7947754859924316        3.7500705718994141        3.7144889831542969     
m=10000:n=10000:k=540
   3.7998180389404297        3.8020906448364258        3.7701616287231445        3.7577552795410156     
   3.8522238731384277        3.7891826629638672        3.7718553543090820        3.7941226959228516     
   3.8649320602416992        3.8653945922851562        3.7957477569580078        3.7717323303222656     
   3.8021078109741211        3.8361253738403320        3.7326107025146484        3.7564306259155273     
   3.8976178169250488        3.8307347297668457        3.7844924926757812        3.8431472778320312     
m=10000:n=10000:k=550
   3.9006879329681396        3.8650922775268555        3.7994518280029297        3.7909641265869141     
   3.8570301532745361        3.8143367767333984        3.8089485168457031        3.8257474899291992     
   3.8789081573486328        3.8499159812927246        3.8141727447509766        3.8353872299194336     
   3.8671183586120605        3.8536157608032227        3.8613691329956055        3.8221950531005859     
   3.8009600639343262        3.9284372329711914        3.8331556320190430        3.8783988952636719     
m=10000:n=10000:k=560
   3.9862208366394043        3.9900608062744141        4.0293521881103516        3.9706687927246094     
   4.0365099906921387        3.9410243034362793        3.8642349243164062        3.9113664627075195     
   3.9714119434356689        3.9456539154052734        3.9311256408691406        3.8940668106079102     
   4.0224466323852539        4.0659208297729492        3.9597234725952148        3.9327545166015625     
   4.0189671516418457        3.9615154266357422        3.8886022567749023        3.8701133728027344     
m=10000:n=10000:k=570
   4.0425081253051758        4.0386023521423340        3.9998855590820312        4.0286464691162109     
   4.0819520950317383        4.0620546340942383        3.8905782699584961        3.9177513122558594     
   4.0322899818420410        3.9635276794433594        3.9071578979492188        4.0794067382812500     
   4.0959110260009766        4.1144261360168457        4.0667371749877930        4.1061258316040039     
   4.1295928955078125        4.0615563392639160        3.9882688522338867        3.9954919815063477     
m=10000:n=10000:k=580
   4.0990910530090332        4.0763168334960938        4.0773410797119141        4.1158447265625000     
   4.1106538772583008        4.0844635963439941        4.0803337097167969        4.1089105606079102     
   4.1654310226440430        4.1075711250305176        4.0760803222656250        4.0931997299194336     
   4.0811281204223633        4.0631008148193359        4.0404186248779297        4.1029596328735352     
   4.0963039398193359        4.1208629608154297        4.0830173492431641        4.1378526687622070     
m=10000:n=10000:k=590
   4.1659750938415527        4.1244006156921387        4.0671281814575195        4.0386028289794922     
   4.0818519592285156        4.0739345550537109        4.0500574111938477        4.1533851623535156     
   4.1638298034667969        4.2160477638244629        4.2040853500366211        4.2119293212890625     
   4.0747051239013672        4.1273469924926758        4.1098842620849609        4.1002349853515625     
   4.1401472091674805        4.1682529449462891        4.1358461380004883        4.1829175949096680     
m=10000:n=10000:k=600
   4.2313661575317383        4.3016204833984375        4.1804971694946289        4.1459846496582031     
   4.1516261100769043        4.1739640235900879        4.1116657257080078        4.1241636276245117     
   4.1412248611450195        4.1538953781127930        4.1230278015136719        4.1405239105224609     
   4.2039003372192383        4.2692818641662598        4.1288814544677734        4.1207141876220703     
   4.1542038917541504        4.1854581832885742        4.1005983352661133        4.0834140777587891     
m=10000:n=10000:k=610
   4.2937803268432617        4.2616567611694336        4.2996807098388672        4.3284139633178711     
   4.3538322448730469        4.3703303337097168        4.2793073654174805        4.2792587280273438     
   4.2793579101562500        4.2766165733337402        4.2473869323730469        4.2865924835205078     
   4.2686557769775391        4.2743864059448242        4.2814722061157227        4.3381271362304688     
   4.3313541412353516        4.3573513031005859        4.2622280120849609        4.2884674072265625     
m=10000:n=10000:k=620
   4.3215217590332031        4.2990589141845703        4.2777404785156250        4.2868719100952148     
   4.3213911056518555        4.3346819877624512        4.3313541412353516        4.3683452606201172     
   4.4087662696838379        4.3323125839233398        4.3261632919311523        4.3016481399536133     
   4.3781852722167969        4.3378047943115234        4.2803869247436523        4.2975234985351562     
   4.3203887939453125        4.2906026840209961        4.2863636016845703        4.3266868591308594     
m=10000:n=10000:k=630
   4.3247985839843750        4.3113298416137695        4.3390197753906250        4.3199939727783203     
   4.3014397621154785        4.2549858093261719        4.3446807861328125        4.3104305267333984     
   4.3395824432373047        4.3065586090087891        4.3139820098876953        4.3422451019287109     
   4.3477840423583984        4.3534812927246094        4.2829427719116211        4.2702474594116211     
   4.2892637252807617        4.2639012336730957        4.2669239044189453        4.2790126800537109     
m=10000:n=10000:k=640
   4.3636579513549805        4.3702602386474609        4.3580541610717773        4.3909969329833984     
   4.4325480461120605        4.4141111373901367        4.3974628448486328        4.3994188308715820     
   4.3767819404602051        4.3931140899658203        4.3727188110351562        4.3854742050170898     
   4.3932237625122070        4.4200301170349121        4.3590812683105469        4.3979053497314453     
   4.4600954055786133        4.4544486999511719        4.3910312652587891        4.3297357559204102     
m=10000:n=10000:k=650
   4.3551177978515625        4.3857340812683105        4.3791389465332031        4.3938198089599609     
   4.4374289512634277        4.4485068321228027        4.3704433441162109        4.3873882293701172     
   4.4300470352172852        4.4851112365722656        4.4121437072753906        4.4269590377807617     
   4.4295649528503418        4.4462895393371582        4.3918237686157227        4.4145784378051758     
   4.4039812088012695        4.4409680366516113        4.4052267074584961        4.3728532791137695     
m=10000:n=10000:k=660
   4.5311803817749023        4.5389342308044434        4.5006570816040039        4.5123920440673828     
   4.5281581878662109        4.5390930175781250        4.4884233474731445        4.5222663879394531     
   4.5209360122680664        4.5111289024353027        4.4574174880981445        4.5186805725097656     
   4.4896631240844727        4.5742807388305664        4.5444126129150391        4.5281238555908203     
   4.5542669296264648        4.5385966300964355        4.4476346969604492        4.4582014083862305     
m=10000:n=10000:k=670
   4.5375719070434570        4.5780706405639648        4.5134181976318359        4.5293884277343750     
   4.2440438270568848        4.2057151794433594        4.1106786727905273        4.1570053100585938     
   4.1806659698486328        4.1801509857177734        4.0876092910766602        4.1202144622802734     
   4.1516342163085938        4.1639385223388672        4.0899620056152344        4.1221952438354492     
   4.1903738975524902        4.2020668983459473        4.3675651550292969        4.4286346435546875     
m=10000:n=10000:k=680
   4.5268659591674805        4.5350499153137207        4.1650104522705078        4.1974496841430664     
   4.1953048706054688        4.1988086700439453        4.1553726196289062        4.1822299957275391     
   4.1308040618896484        4.2860541343688965        4.2688064575195312        4.2142982482910156     
   4.2100210189819336        4.3060450553894043        4.2187366485595703        4.1741294860839844     
   4.1957020759582520        4.2114744186401367        4.1477222442626953        4.1743164062500000     
m=10000:n=10000:k=690
   4.2794790267944336        4.2904758453369141        4.2070236206054688        4.2326250076293945     
   4.2906069755554199        4.3153390884399414        4.2272224426269531        4.2445726394653320     
   4.2882261276245117        4.2901167869567871        4.2129650115966797        4.2474508285522461     
   4.2951817512512207        4.3132410049438477        4.1991338729858398        4.2328443527221680     
   4.2839760780334473        4.2969350814819336        4.2036848068237305        4.2187194824218750     
m=10000:n=10000:k=700
   4.3630828857421875        4.3514628410339355        4.2812747955322266        4.2961111068725586     
   4.3339619636535645        4.3323659896850586        4.2631359100341797        4.2761774063110352     
   4.2931838035583496        4.2174258232116699        4.1589050292968750        4.3312911987304688     
   4.3163628578186035        4.3182187080383301        4.2505092620849609        4.2704172134399414     
   4.3273119926452637        4.3354921340942383        4.2598495483398438        4.2958908081054688     
m=10000:n=10000:k=710
   4.3863396644592285        4.3703064918518066        4.3125610351562500        4.3480596542358398     
   4.4004192352294922        4.3878464698791504        4.3328809738159180        4.3557071685791016     
   4.3884692192077637        4.3629317283630371        4.3330373764038086        4.3429679870605469     
   4.3612928390502930        4.3687715530395508        4.3128185272216797        4.3425216674804688     
   4.3843297958374023        4.3721709251403809        4.3376903533935547        4.3202562332153320     
m=10000:n=10000:k=720
   4.4316482543945312        4.4365582466125488        4.4619922637939453        4.6711311340332031     
   4.7200880050659180        4.4947977066040039        4.3962430953979492        4.6617469787597656     
   4.8150901794433594        4.8322806358337402        4.7905902862548828        4.8359661102294922     
   4.9055609703063965        4.8913187980651855        4.8448953628540039        4.8452997207641602     
   4.8761849403381348        4.5216107368469238        4.3824453353881836        4.4002380371093750     
m=10000:n=10000:k=730
   4.4826240539550781        4.5018153190612793        4.5292034149169922        4.8329267501831055     
   5.1466889381408691        5.2349038124084473        5.2034730911254883        5.2222652435302734     
   5.2763690948486328        5.3247890472412109        5.2737054824829102        5.2290039062500000     
   5.3241920471191406        5.2950668334960938        5.2707691192626953        5.2712097167968750     
   5.3499364852905273        5.4189162254333496        5.2833986282348633        5.3086471557617188     
m=10000:n=10000:k=740
   5.4619612693786621        5.4523248672485352        5.3372869491577148        5.3552207946777344     
   5.4663300514221191        5.4142308235168457        5.2945184707641602        5.3266849517822266     
   5.4212074279785156        5.4328341484069824        5.3358640670776367        5.3249969482421875     
   5.4503450393676758        5.5516495704650879        5.5505285263061523        5.6686191558837891     
   5.8891162872314453        5.8023004531860352        5.1345443725585938        5.0093936920166016     
m=10000:n=10000:k=750
   5.2435307502746582        5.6535596847534180        5.5071811676025391        5.4439945220947266     
   5.6666269302368164        5.6294708251953125        5.5521287918090820        5.4584617614746094     
   5.6795673370361328        5.6743779182434082        5.5890150070190430        5.6210479736328125     
   5.7543020248413086        5.7108016014099121        5.5531444549560547        5.5181198120117188     
   5.6461591720581055        5.7349863052368164        5.6037969589233398        5.5287895202636719     
m=10000:n=10000:k=760
   5.7911596298217773        5.7186474800109863        5.6439371109008789        5.5293579101562500     
   5.7045211791992188        5.7823171615600586        5.5497064590454102        5.5978202819824219     
   5.6774487495422363        5.6981682777404785        5.5107879638671875        5.5449409484863281     
   5.6604962348937988        5.6373243331909180        5.6164312362670898        5.5419101715087891     
   5.6564769744873047        5.6387157440185547        5.4047107696533203        5.4394187927246094     
m=10000:n=10000:k=770
   5.6827783584594727        5.6848964691162109        5.5970230102539062        5.5369510650634766     
   5.6642274856567383        5.6480541229248047        5.5261774063110352        5.5790290832519531     
   5.6614427566528320        5.6481032371520996        5.5339841842651367        5.5676803588867188     
   5.6193852424621582        5.6522865295410156        5.5382938385009766        5.5646419525146484     
   5.6595911979675293        5.6288990974426270        5.4767456054687500        5.4945144653320312     
m=10000:n=10000:k=780
   5.6625528335571289        5.6741247177124023        5.5378065109252930        5.5432281494140625     
   5.6241989135742188        5.6518335342407227        5.5137500762939453        5.5178642272949219     
   5.6404032707214355        5.6715397834777832        5.5233640670776367        5.5588111877441406     
   5.6321144104003906        5.6674938201904297        5.4534196853637695        5.5208377838134766     
   5.6725549697875977        5.6451368331909180        5.4915723800659180        5.5438899993896484     
m=10000:n=10000:k=790
   5.7566852569580078        5.7159943580627441        5.5985040664672852        5.6182842254638672     
   5.7134299278259277        5.7258596420288086        5.5984907150268555        5.6279525756835938     
   5.7459297180175781        5.7490458488464355        5.6200065612792969        5.5940990447998047     
   5.7185769081115723        5.6988935470581055        5.6064558029174805        5.6141738891601562     
   5.7916913032531738        5.7684340476989746        5.6207075119018555        5.6251201629638672     
m=10000:n=10000:k=800
   5.8420300483703613        5.8785748481750488        5.6744546890258789        5.6771678924560547     
   5.7994318008422852        5.7870793342590332        5.6760044097900391        5.6803493499755859     
   5.8036231994628906        5.8390069007873535        5.6435327529907227        5.6912975311279297     
   5.8146009445190430        5.8261613845825195        5.6539869308471680        5.6536159515380859     
   5.7934722900390625        5.8280210494995117        5.6566457748413086        5.6583786010742188     
m=10000:n=10000:k=810
   5.7943286895751953        5.8139758110046387        5.6573343276977539        5.6779079437255859     
   5.7861418724060059        5.7834391593933105        5.6398439407348633        5.6773395538330078     
   5.7809882164001465        5.8093523979187012        5.6361885070800781        5.6927814483642578     
   5.8862476348876953        5.8773326873779297        5.7007112503051758        5.7741336822509766     
   5.7944078445434570        5.8097743988037109        5.6379985809326172        5.6837196350097656     
m=10000:n=10000:k=820
   6.0166287422180176        5.9763064384460449        5.8145208358764648        5.8282852172851562     
   6.0033149719238281        5.9650878906250000        5.8069257736206055        5.8140411376953125     
   6.0196661949157715        6.0456266403198242        5.8447780609130859        5.8470630645751953     
   5.9695138931274414        6.0360016822814941        5.8013620376586914        5.8216381072998047     
   6.0122699737548828        6.0210552215576172        5.8501739501953125        5.8372631072998047     
m=10000:n=10000:k=830
   6.0797748565673828        6.0899538993835449        5.9037857055664062        5.9101943969726562     
   6.0741739273071289        6.1315288543701172        5.9097499847412109        5.9253387451171875     
   6.0902471542358398        6.1047286987304688        5.9198751449584961        5.9298801422119141     
   6.1097698211669922        6.1037907600402832        5.9359035491943359        5.9411582946777344     
   6.0872468948364258        6.1087918281555176        5.9540843963623047        5.9559459686279297     
m=10000:n=10000:k=840
   6.1256160736083984        6.1231961250305176        5.9135389328002930        5.9262008666992188     
   6.1397919654846191        6.1569766998291016        5.9205846786499023        5.9605102539062500     
   6.1688756942749023        6.2481455802917480        6.0256509780883789        5.9547672271728516     
   6.1434020996093750        6.1273546218872070        5.9063119888305664        5.9498100280761719     
   6.0862569808959961        6.1021146774291992        5.9033746719360352        5.8938312530517578     
m=10000:n=10000:k=850
   6.2883729934692383        6.2312479019165039        6.0324773788452148        6.1395931243896484     
   6.2817125320434570        6.2173776626586914        6.0464630126953125        6.1559982299804688     
   6.2916965484619141        6.2744483947753906        6.0438461303710938        6.1357078552246094     
   6.2452411651611328        6.2465524673461914        6.0988550186157227        6.1333160400390625     
   6.2672910690307617        6.2265901565551758        6.0292396545410156        6.0679569244384766     
m=10000:n=10000:k=860
   6.3454442024230957        6.2671728134155273        6.0386285781860352        6.0943412780761719     
   6.2471790313720703        6.2259521484375000        6.0266523361206055        6.0870819091796875     
   6.3029451370239258        6.3354015350341797        6.0658874511718750        6.0599479675292969     
   6.3553533554077148        6.3590526580810547        6.1215534210205078        6.1290702819824219     
   6.2871694564819336        6.2925586700439453        6.0400781631469727        6.0467071533203125     
m=10000:n=10000:k=870
   6.3815402984619141        6.4035673141479492        6.1606149673461914        6.1875247955322266     
   6.3447833061218262        6.3758802413940430        6.2791051864624023        6.2823486328125000     
   6.3314528465270996        6.4010410308837891        6.2923946380615234        6.2146186828613281     
   6.4243822097778320        6.3865146636962891        6.2542877197265625        6.3205051422119141     
   6.4177293777465820        6.4073133468627930        6.2769279479980469        6.2975425720214844     
m=10000:n=10000:k=880
   6.5626978874206543        6.5208015441894531        6.3369245529174805        6.4243793487548828     
   6.5082182884216309        6.5287876129150391        6.3543815612792969        6.3282375335693359     
   6.5279893875122070        6.5250492095947266        6.3845500946044922        6.3935546875000000     
   6.5305042266845703        6.4691495895385742        6.3901643753051758        6.4136562347412109     
   6.5335483551025391        6.6627960205078125        6.3918533325195312        6.3710536956787109     
m=10000:n=10000:k=890
   6.6237058639526367        6.5868682861328125        6.3760452270507812        6.3287334442138672     
   6.4883565902709961        6.4638118743896484        6.2761898040771484        6.3451404571533203     
   6.6069679260253906        6.5556440353393555        6.3794002532958984        6.4279556274414062     
   6.5219221115112305        6.6588859558105469        6.4524345397949219        6.3596134185791016     
   6.6379866600036621        6.6021280288696289        6.3615808486938477        6.3726692199707031     
m=10000:n=10000:k=900
   6.7397994995117188        6.7513055801391602        6.5010299682617188        6.5365676879882812     
   6.7336254119873047        6.6260147094726562        6.5366973876953125        6.6040344238281250     
   6.6727724075317383        6.6336631774902344        6.5365438461303711        6.5264530181884766     
   6.8105072975158691        6.8249206542968750        6.5631370544433594        6.5746669769287109     
   6.8151640892028809        6.7036924362182617        6.5154037475585938        6.6230545043945312     
m=10000:n=10000:k=910
   6.8163270950317383        7.0055952072143555        6.6557865142822266        6.6239948272705078     
   6.8359813690185547        6.8095417022705078        6.5257225036621094        6.6061935424804688     
   6.8901262283325195        6.7111330032348633        6.5767955780029297        6.6729488372802734     
   6.7258510589599609        6.8260488510131836        6.6209783554077148        6.5990638732910156     
   6.8146362304687500        6.7644577026367188        6.5899658203125000        6.6505813598632812     
m=10000:n=10000:k=920
   6.7962989807128906        6.7975168228149414        6.5777664184570312        6.5749473571777344     
   6.8176002502441406        6.7532444000244141        6.5134096145629883        6.6013927459716797     
   6.7775363922119141        6.8278455734252930        6.5693120956420898        6.5560321807861328     
   6.7989845275878906        6.7485933303833008        6.5136117935180664        6.5291748046875000     
   6.8029079437255859        6.8493461608886719        6.5431070327758789        6.5717277526855469     
m=10000:n=10000:k=930
   6.9981675148010254        6.8557748794555664        6.7333965301513672        6.7832469940185547     
   6.9829001426696777        7.0998601913452148        6.7659950256347656        6.7798099517822266     
   7.0102062225341797        6.9648027420043945        6.7680454254150391        6.7964172363281250     
   6.8851394653320312        6.9737854003906250        6.6800870895385742        6.6804161071777344     
   6.9289789199829102        6.8277778625488281        6.6423397064208984        6.6829223632812500     
m=10000:n=10000:k=940
   7.0421772003173828        6.9976387023925781        6.7536888122558594        6.7782230377197266     
   6.9831247329711914        7.0844707489013672        6.7789230346679688        6.7264385223388672     
   7.0942983627319336        7.0526714324951172        6.7657146453857422        6.8646850585937500     
   6.9708943367004395        6.9902410507202148        6.7868680953979492        6.7083740234375000     
   6.8867511749267578        6.9417419433593750        6.6474037170410156        6.6620998382568359     
m=10000:n=10000:k=950
   7.1866378784179688        7.1557683944702148        6.9315109252929688        6.9520950317382812     
   7.1013240814208984        7.0854005813598633        6.9295921325683594        6.8490581512451172     
   7.2279448509216309        7.1915435791015625        6.9663143157958984        7.0039501190185547     
   7.1554784774780273        7.2473154067993164        6.9393215179443359        6.8854999542236328     
   7.1222009658813477        7.0608854293823242        6.7091636657714844        6.9618339538574219     
m=10000:n=10000:k=960
   7.2516670227050781        7.4334430694580078        7.0242156982421875        6.9988384246826172     
   7.3938832283020020        7.2906112670898438        7.1020565032958984        7.1450805664062500     
   7.4149785041809082        7.3275709152221680        6.8857803344726562        6.9696884155273438     
   7.3343157768249512        7.2476167678833008        7.0620727539062500        7.1244621276855469     
   7.2814245223999023        7.4177751541137695        6.9922695159912109        7.0805873870849609     
m=10000:n=10000:k=970
   7.3739342689514160        7.1925277709960938        6.9403247833251953        6.9357089996337891     
   7.2827796936035156        7.2846689224243164        7.1130828857421875        7.1696052551269531     
   7.4072237014770508        7.4084548950195312        7.0048351287841797        7.1181602478027344     
   7.3032631874084473        7.2431030273437500        7.0478019714355469        7.0311737060546875     
   7.2379460334777832        7.2965373992919922        6.9280071258544922        6.9867591857910156     
m=10000:n=10000:k=980
   7.3879432678222656        7.2982139587402344        7.0547370910644531        7.1021423339843750     
   7.3929872512817383        7.4227447509765625        7.0118713378906250        7.0733623504638672     
   7.3131213188171387        7.3367061614990234        7.0959358215332031        7.1588783264160156     
   7.2983841896057129        7.3667640686035156        7.0123386383056641        7.1098728179931641     
   7.3096613883972168        7.3556308746337891        7.1074275970458984        7.1538162231445312     
m=10000:n=10000:k=990
   7.5237226486206055        7.6524562835693359        7.1714096069335938        7.3152847290039062     
   7.5061645507812500        7.4829807281494141        7.2168846130371094        7.2055873870849609     
   7.4088182449340820        7.4716644287109375        7.1575794219970703        7.3046512603759766     
   7.4853906631469727        7.3940763473510742        7.2925453186035156        7.1439914703369141     
   7.3964281082153320        7.4552936553955078        7.1484146118164062        7.4420623779296875     
m=10000:n=10000:k=1000
   7.6894483566284180        7.5502643585205078        7.3108882904052734        7.3242588043212891     
   7.3884582519531250        7.5052051544189453        7.1129779815673828        7.1057338714599609     
   7.7174787521362305        7.4947967529296875        7.2768268585205078        7.1982650756835938     
   7.4781560897827148        7.4743766784667969        7.0563831329345703        7.2282848358154297     
   7.6248984336853027        7.6039514541625977        7.2687797546386719        7.1883411407470703     
