m=10000:n=10000:k=100
   56.507074492252904     
   56.409693788776543     
   56.809308046513145     
   56.541257702412871     
   56.514897751021010     
m=10000:n=10000:k=110
   57.211511720494393     
   58.000661564916882     
   56.133759703960713     
   57.501457715955233     
   57.358137120754748     
m=10000:n=10000:k=120
   59.659792077674908     
   60.311505978303607     
   59.260868208638996     
   59.826800664367170     
   59.828147401481957     
m=10000:n=10000:k=130
   61.110184838970753     
   60.754617956297409     
   61.099844675756962     
   60.998925405643810     
   60.650736277628141     
m=10000:n=10000:k=140
   61.525886410082471     
   61.379684270217865     
   61.498452432281596     
   61.775108471875555     
   61.114158710863222     
m=10000:n=10000:k=150
   60.941048881826489     
   61.690311904608549     
   62.010760911066320     
   61.319348642444673     
   61.672684141247018     
m=10000:n=10000:k=160
   61.874005989046012     
   62.376825469155726     
   62.374397715781335     
   62.060964763322097     
   62.382428140705386     
m=10000:n=10000:k=170
   62.409597521932653     
   62.841005988688899     
   62.220696297629466     
   62.839489912308437     
   62.422887958958555     
m=10000:n=10000:k=180
   62.718974797031379     
   62.898573279291512     
   63.089930290604663     
   63.092474205125725     
   62.953459992153483     
m=10000:n=10000:k=190
   63.202610053384753     
   63.294937590072550     
   63.356454598070329     
   63.346420051171222     
   63.154294950096919     
m=10000:n=10000:k=200
   63.115674150952373     
   62.918108974584349     
   63.253201829293580     
   63.025575612342664     
   63.057169700888217     
m=10000:n=10000:k=210
   63.357496785563356     
   63.472008582519599     
   63.242818461214803     
   62.943131685847398     
   63.553167191253394     
m=10000:n=10000:k=220
   63.886537402872790     
   63.508191999454908     
   63.901845325675012     
   63.426532846712192     
   63.772462677605873     
m=10000:n=10000:k=230
   63.897233469928594     
   63.890663500909824     
   63.922621477731582     
   63.532137261013155     
   64.059450340997955     
m=10000:n=10000:k=240
   63.801702738547398     
   63.230445473927794     
   64.200562469969753     
   63.917931707329465     
   64.342989446091380     
m=10000:n=10000:k=250
   64.024012912557836     
   63.677473441555939     
   63.834948242497390     
   64.364150078830392     
   64.044347114136343     
m=10000:n=10000:k=260
   64.610638973547125     
   64.068366598021782     
   63.954739250069736     
   63.488810183415708     
   63.467656213261570     
m=10000:n=10000:k=270
   64.748512145862563     
   64.221416773310153     
   64.580476169362768     
   64.665084246222904     
   64.329669780345881     
m=10000:n=10000:k=280
   64.330401781841374     
   64.595903411559405     
   64.811589436043946     
   64.138837257899169     
   64.563733937992637     
m=10000:n=10000:k=290
   64.589842331195825     
   64.615820753577466     
   64.563096575744879     
   64.748693735646896     
   64.838950711914876     
m=10000:n=10000:k=300
   64.753490324636203     
   64.738048757743499     
   65.002602020748881     
   64.756285419068035     
   64.689677084024169     
m=10000:n=10000:k=310
   64.309949769994248     
   64.229005298494059     
   64.870181481552621     
   64.558182696782268     
   65.045084193509027     
m=10000:n=10000:k=320
   64.535060580176264     
   65.061082687676063     
   64.971453428682409     
   64.924130489214534     
   64.630338973134528     
m=10000:n=10000:k=330
   64.648906499721335     
   64.832944732494255     
   65.146708318026683     
   64.579952210790424     
   65.241056059066310     
m=10000:n=10000:k=340
   63.630193818061429     
   64.983276321699861     
   65.434825610860415     
   65.441431717814027     
   65.723724899439915     
m=10000:n=10000:k=350
   65.400571183288534     
   64.759828876868525     
   65.418910372138612     
   63.485098311197795     
   63.587400999764583     
m=10000:n=10000:k=360
   62.728211472605494     
   64.738361014196826     
   65.326502951959071     
   63.660475091688909     
   64.014794271925510     
m=10000:n=10000:k=370
   64.806204955888433     
   64.753063544284601     
   64.859880935004085     
   64.756130273575010     
   64.981992836830088     
m=10000:n=10000:k=380
   64.929792814292227     
   64.801737955426319     
   64.652956783617512     
   64.496641397479721     
   65.185693903588430     
m=10000:n=10000:k=390
   64.853055236235249     
   63.971235640086888     
   63.434743192663454     
   64.432668003549793     
   63.915726100448801     
m=10000:n=10000:k=400
   64.196082317778945     
   64.368546910367755     
   65.026217317014130     
   64.821732870439149     
   63.896998313665783     
m=10000:n=10000:k=410
   64.404394659459953     
   64.625656259186641     
   64.801384683749490     
   64.874699601272880     
   64.789659663623340     
m=10000:n=10000:k=420
   65.055105304168961     
   65.055459666834111     
   64.770881909291376     
   65.040351628406185     
   64.880443222539668     
m=10000:n=10000:k=430
   64.852602737558684     
   64.785522576095929     
   65.148947310577356     
   65.006335371354695     
   65.099681919301943     
m=10000:n=10000:k=440
   64.979034375891516     
   65.130380663746294     
   64.904032706397416     
   65.007496670137797     
   65.053487242661348     
m=10000:n=10000:k=450
   64.906731491892060     
   65.047612138514864     
   65.183336647290304     
   65.096727059770373     
   65.232899184492339     
m=10000:n=10000:k=460
   65.219599651115104     
   64.979694138589494     
   65.345739354174881     
   65.275910749974557     
   64.770583964413063     
m=10000:n=10000:k=470
   65.163330953603023     
   64.739364684418149     
   62.450918402437054     
   64.191687772753710     
   62.671931285172178     
m=10000:n=10000:k=480
   64.014809537773488     
   63.464949861273482     
   63.805180625943443     
   64.053292426937233     
   64.337170444378344     
m=10000:n=10000:k=490
   63.744353751086237     
   63.994569577521538     
   63.800716140669536     
   64.148046754021394     
   64.189770018632657     
m=10000:n=10000:k=500
   64.341199014273457     
   64.448685224565651     
   64.447897943071766     
   64.689537403080692     
   64.266692653412207     
m=10000:n=10000:k=510
   64.264637168035250     
   64.324012629679743     
   64.369267583103081     
   64.019158804977920     
   64.407681607139637     
m=10000:n=10000:k=520
   60.731454013990820     
   60.332039785533162     
   60.885189315156865     
   60.630794721432288     
   61.106589352257650     
m=10000:n=10000:k=530
   61.112362203923489     
   61.313109305060479     
   61.360911842487440     
   61.516711697669500     
   60.858048832770763     
m=10000:n=10000:k=540
   60.752724911302074     
   60.871959138900351     
   58.833783411694419     
   61.099662416433638     
   60.523661034504251     
m=10000:n=10000:k=550
   60.521898277479629     
   60.898710269520684     
   61.795320348961411     
   61.035664461526039     
   61.983741698583948     
m=10000:n=10000:k=560
   61.113188740006507     
   62.055637942017015     
   61.233504837062114     
   61.892746672337331     
   62.055051822069906     
m=10000:n=10000:k=570
   62.351810299490403     
   61.989806667651536     
   62.635330050337437     
   61.363662071553023     
   61.962887501585030     
m=10000:n=10000:k=580
   62.007447175256630     
   62.477918791552412     
   62.572516240373020     
   61.044662015518270     
   62.452388100834305     
m=10000:n=10000:k=590
   62.533983739426503     
   62.397147517889472     
   62.013350976927796     
   61.935758502938469     
   62.576200408562023     
m=10000:n=10000:k=600
   62.593366054178361     
   62.408528249752912     
   62.834100933754328     
   62.538628577627023     
   62.627011988642401     
m=10000:n=10000:k=610
   63.035769517796560     
   62.671768541265095     
   62.988743443687277     
   62.828272834556458     
   62.534886102581616     
m=10000:n=10000:k=620
   62.428794751356399     
   63.175247052707206     
   62.987487064912841     
   62.717649341504938     
   62.840585481751845     
m=10000:n=10000:k=630
   64.395350244146968     
   64.213277356759349     
   64.652749161198827     
   64.631456161834265     
   64.357987063185220     
m=10000:n=10000:k=640
   64.799788342213560     
   64.743875439010537     
   64.828935679183587     
   64.901840409586768     
   64.865204939664181     
m=10000:n=10000:k=650
   64.857544867493687     
   64.695410663041329     
   64.409879954601422     
   64.115366841675140     
   64.220112905290733     
m=10000:n=10000:k=660
   64.548720895703539     
   64.723833871073523     
   65.272476284489215     
   65.219291169397096     
   64.594810486830553     
m=10000:n=10000:k=670
   64.673622193799915     
   64.992761759740930     
   65.124891528373183     
   64.919079498381578     
   64.972310657398197     
m=10000:n=10000:k=680
   65.184457762885160     
   65.128364083348728     
   65.205209417847598     
   65.030919551525486     
   64.631009926832206     
m=10000:n=10000:k=690
   64.778874895959561     
   64.981107546417206     
   64.438825393584480     
   64.696209215433186     
   65.156055798715414     
m=10000:n=10000:k=700
   64.966225896938255     
   65.107041963367919     
   65.906954646178733     
   64.115162208906199     
   65.224552760568287     
m=10000:n=10000:k=710
   63.875627290269051     
   65.573224060621556     
   64.218960142034263     
   65.012360063349789     
   65.026591641142218     
m=10000:n=10000:k=720
   64.805107242631692     
   65.053603810287001     
   65.320010200645129     
   65.219632414594784     
   65.647578088452420     
m=10000:n=10000:k=730
   65.100362641773884     
   64.959884245778298     
   65.593745521260473     
   65.053404548746784     
   65.448781653558427     
m=10000:n=10000:k=740
   65.254747354229679     
   65.536373623751658     
   65.521307510857994     
   65.168040000495509     
   65.254781652548871     
m=10000:n=10000:k=750
   65.069714492801737     
   65.262874868674601     
   64.762479641597409     
   65.534832660793228     
   65.257195430149210     
m=10000:n=10000:k=760
   65.426494019774879     
   65.374204220721822     
   65.017364874904629     
   64.831615955470639     
   64.918843885431258     
m=10000:n=10000:k=770
   65.185877235279904     
   64.808898863561566     
   65.637079504130853     
   65.637579748773135     
   65.499223143174277     
m=10000:n=10000:k=780
   65.442745398759200     
   66.281588201900945     
   66.256358722249743     
   66.024058250305217     
   65.966719599758477     
m=10000:n=10000:k=790
   66.222971645537342     
   66.051386321552926     
   65.118410163620439     
   65.938615500081241     
   65.762141906697153     
m=10000:n=10000:k=800
   65.961483778124659     
   66.385054474058450     
   65.114314864236150     
   66.138226008915751     
   66.452802066320046     
m=10000:n=10000:k=810
   66.229390029798864     
   66.420011401750614     
   66.220482705496011     
   66.412578132689447     
   66.456169246204340     
m=10000:n=10000:k=820
   65.575372713304048     
   66.021246094580832     
   65.991116132189475     
   66.323189787939413     
   65.813846546716036     
m=10000:n=10000:k=830
   66.326328397098450     
   66.426758826187310     
   66.443931558370039     
   66.259478161301516     
   66.139831007996861     
m=10000:n=10000:k=840
   66.336173928351712     
   66.429918598627452     
   66.460688726820820     
   66.364263286333369     
   66.233160688970756     
m=10000:n=10000:k=850
   66.513038634895935     
   66.457208073120185     
   66.343302871355718     
   66.531855912772315     
   66.511915644623869     
m=10000:n=10000:k=860
   66.403932209879855     
   66.251897249815428     
   64.723679022285438     
   65.523256060026839     
   65.977307151669464     
m=10000:n=10000:k=870
   65.680572754972147     
   65.716620384348403     
   66.254368463668172     
   65.284488226124537     
   66.444401653970189     
m=10000:n=10000:k=880
   66.290394577351961     
   66.172054197444197     
   65.874842551722679     
   66.313070977503969     
   65.475511880625902     
m=10000:n=10000:k=890
   65.887345193629088     
   66.092278612199223     
   66.044119991288312     
   66.176832465791449     
   66.323545527616901     
m=10000:n=10000:k=900
   66.256609647215186     
   65.669008243867552     
   66.118056999351765     
   65.956847052307282     
   65.749703659211093     
m=10000:n=10000:k=910
   65.931088424798332     
   66.037740556447901     
   66.217503634590898     
   66.125119865116986     
   65.933571283712467     
m=10000:n=10000:k=920
   65.647376437997181     
   65.525383285384805     
   65.573046321091567     
   66.134994575101615     
   65.583026416020459     
m=10000:n=10000:k=930
   65.715746699642168     
   65.795850497263771     
   66.116715150585478     
   66.366258394882621     
   66.364197759284778     
m=10000:n=10000:k=940
   65.718161436341703     
   66.087627361696747     
   65.794079903184070     
   65.840275976201525     
   65.744336107638972     
m=10000:n=10000:k=950
   65.980401881157121     
   66.283570749210568     
   65.507437464355590     
   65.501859310500819     
   65.861630517131616     
m=10000:n=10000:k=960
   64.727054046944062     
   65.715165810953664     
   65.568351962723796     
   65.448867998731188     
   65.637190668947966     
m=10000:n=10000:k=970
   65.489346225244660     
   65.868680337895384     
   65.337813194047925     
   65.963150715259147     
   66.133846563977187     
m=10000:n=10000:k=980
   65.831169667312523     
   65.975205314910099     
   66.272547727707504     
   66.164179940545210     
   65.979981525878344     
m=10000:n=10000:k=990
   66.026388701500878     
   66.032352563027629     
   66.063286372338311     
   65.635722582613880     
   65.452098178439826     
m=10000:n=10000:k=1000
   65.982277318482048     
   65.915555155683563     
   65.729496339967682     
   65.992902894327983     
   65.378835408942720     
