m=10000:n=10:k=10
   3.3900002017617226E-004   2.0499993115663528E-004   1.9800011068582535E-004   1.9799964502453804E-004
   3.1700008548796177E-004   1.9600009545683861E-004   1.9499985501170158E-004   1.9499985501170158E-004
   2.7099973522126675E-004   1.9299983978271484E-004   1.9499985501170158E-004   2.2699963301420212E-004
   3.3999979496002197E-004   2.6999972760677338E-004   2.1299999207258224E-004   1.9300030544400215E-004
   2.5699986144900322E-004   1.9600009545683861E-004   2.0699971355497837E-004   1.9499985501170158E-004
m=10000:n=20:k=20
   5.3599989041686058E-004   4.3200002983212471E-004   4.2199995368719101E-004   4.2199995368719101E-004
   6.2500033527612686E-004   4.1899923235177994E-004   4.1900016367435455E-004   4.1599944233894348E-004
   5.1499996334314346E-004   4.2300019413232803E-004   4.4299941509962082E-004   4.2399950325489044E-004
   5.5200001224875450E-004   4.2099971324205399E-004   4.1799992322921753E-004   4.1700014844536781E-004
   5.6600011885166168E-004   4.1899969801306725E-004   4.2100017890334129E-004   4.1799992322921753E-004
m=10000:n=30:k=30
   9.6300058066844940E-004   7.7299959957599640E-004   7.1199983358383179E-004   7.1399938315153122E-004
   1.0620001703500748E-003   6.9900043308734894E-004   6.9699995219707489E-004   7.0399977266788483E-004
   9.0099964290857315E-004   7.1899965405464172E-004   7.1700010448694229E-004   6.9500040262937546E-004
   8.5899978876113892E-004   7.0099998265504837E-004   7.0399977266788483E-004   6.9400016218423843E-004
   8.8500045239925385E-004   7.4400007724761963E-004   7.0399977266788483E-004   6.9100037217140198E-004
m=10000:n=40:k=40
   1.4309994876384735E-003   1.5169996768236160E-003   1.4059999957680702E-003   1.1449996381998062E-003
   1.4709997922182083E-003   1.2249993160367012E-003   1.1420007795095444E-003   1.1500008404254913E-003
   1.4369999989867210E-003   1.1369995772838593E-003   1.7680013552308083E-003   1.1290013790130615E-003
   1.4349995180964470E-003   1.1480003595352173E-003   1.2029986828565598E-003   1.2110006064176559E-003
   1.7699999734759331E-003   1.1740000918507576E-003   1.1670002713799477E-003   1.1349990963935852E-003
m=10000:n=50:k=50
   2.3840004578232765E-003   1.7470009624958038E-003   1.8549989908933640E-003   1.7600003629922867E-003
   2.1450007334351540E-003   1.7369985580444336E-003   2.2440012544393539E-003   1.9519999623298645E-003
   2.2010002285242081E-003   1.7319992184638977E-003   2.2420007735490799E-003   1.7600003629922867E-003
   2.1369997411966324E-003   1.7460007220506668E-003   1.7360001802444458E-003   1.8710009753704071E-003
   2.5389995425939560E-003   1.7719995230436325E-003   1.7290003597736359E-003   1.7969999462366104E-003
m=10000:n=60:k=60
   2.8920006006956100E-003   2.4309996515512466E-003   2.8240010142326355E-003   2.4289991706609726E-003
   3.0109994113445282E-003   2.4359989911317825E-003   2.4469997733831406E-003   2.8400011360645294E-003
   2.8919987380504608E-003   3.0359998345375061E-003   2.4410001933574677E-003   2.4859998375177383E-003
   2.9969997704029083E-003   2.4180002510547638E-003   2.4769995361566544E-003   2.3880004882812500E-003
   3.5270005464553833E-003   2.5449991226196289E-003   2.3929998278617859E-003   2.4370010942220688E-003
m=10000:n=70:k=70
   4.2139999568462372E-003   3.2959990203380585E-003   3.2329987734556198E-003   3.2499991357326508E-003
   3.8590002804994583E-003   3.6709997802972794E-003   3.2829977571964264E-003   3.8029998540878296E-003
   4.7559998929500580E-003   3.2909996807575226E-003   3.7700012326240540E-003   3.2429993152618408E-003
   3.7679988890886307E-003   3.8419999182224274E-003   3.2519996166229248E-003   3.4539997577667236E-003
   4.7510005533695221E-003   3.2549984753131866E-003   3.3200010657310486E-003   3.1840018928050995E-003
m=10000:n=80:k=80
   4.8569999635219574E-003   4.3429993093013763E-003   4.2899996042251587E-003   4.2869970202445984E-003
   4.9860011786222458E-003   4.2620003223419189E-003   5.1620006561279297E-003   4.1439980268478394E-003
   4.7929994761943817E-003   4.2199976742267609E-003   4.0390007197856903E-003   4.6899989247322083E-003
   5.1699988543987274E-003   4.2139999568462372E-003   4.1409991681575775E-003   4.9099996685981750E-003
   4.5849997550249100E-003   4.6799983829259872E-003   4.0530003607273102E-003   4.1920021176338196E-003
m=10000:n=90:k=90
   6.5289996564388275E-003   5.9390030801296234E-003   5.4400004446506500E-003   5.2519999444484711E-003
   6.4899995923042297E-003   5.4950006306171417E-003   5.2079968154430389E-003   5.8339983224868774E-003
   6.1510000377893448E-003   5.4029971361160278E-003   5.9299990534782410E-003   5.4259970784187317E-003
   6.8820007145404816E-003   5.9340000152587891E-003   5.3200013935565948E-003   5.3190030157566071E-003
   6.9689992815256119E-003   5.8589987456798553E-003   5.6179985404014587E-003   6.0350000858306885E-003
m=10000:n=100:k=100
   7.0889964699745178E-003   6.8530030548572540E-003   6.2620006501674652E-003   7.4979960918426514E-003
   7.0540010929107666E-003   6.9099999964237213E-003   6.4239986240863800E-003   6.7019984126091003E-003
   7.5149983167648315E-003   7.2659999132156372E-003   6.4419992268085480E-003   7.1849972009658813E-003
   7.3249973356723785E-003   7.0139989256858826E-003   6.4369998872280121E-003   6.7119970917701721E-003
   7.9529993236064911E-003   6.8599991500377655E-003   6.4320005476474762E-003   7.6089985668659210E-003
m=10000:n=110:k=110
   8.6989998817443848E-003   7.9239979386329651E-003   8.1869997084140778E-003   7.9109966754913330E-003
   8.8150016963481903E-003   7.9159997403621674E-003   8.4819979965686798E-003   7.7679976820945740E-003
   8.3490014076232910E-003   8.1939995288848877E-003   7.7649988234043121E-003   9.6279978752136230E-003
   1.0589998215436935E-002   8.2370005548000336E-003   8.0999992787837982E-003   7.7940002083778381E-003
   8.6940005421638489E-003   8.3700008690357208E-003   8.2199983298778534E-003   7.8400000929832458E-003
m=10000:n=120:k=120
   1.0315001010894775E-002   9.2449970543384552E-003   9.4600021839141846E-003   9.0100020170211792E-003
   1.0049000382423401E-002   9.2629976570606232E-003   9.3119964003562927E-003   9.3400031328201294E-003
   9.7759999334812164E-003   9.5809996128082275E-003   9.0780034661293030E-003   9.4550028443336487E-003
   9.8749995231628418E-003   9.6300020813941956E-003   1.0440997779369354E-002   9.1269984841346741E-003
   1.0366000235080719E-002   9.1380029916763306E-003   9.3929991126060486E-003   9.3530043959617615E-003
m=10000:n=130:k=130
   1.1863999068737030E-002   1.1369001120328903E-002   1.1468999087810516E-002   1.1045999825000763E-002
   1.2449000030755997E-002   1.2496002018451691E-002   1.2014999985694885E-002   1.2157000601291656E-002
   1.1753998696804047E-002   1.1293999850749969E-002   1.2141004204750061E-002   1.1391997337341309E-002
   1.2965999543666840E-002   1.1868998408317566E-002   1.3085998594760895E-002   1.1436998844146729E-002
   1.2028001248836517E-002   1.1214002966880798E-002   1.1319003999233246E-002   1.1508002877235413E-002
m=10000:n=140:k=140
   1.3689998537302017E-002   1.3065002858638763E-002   1.2956999242305756E-002   1.2631997466087341E-002
   1.3519998639822006E-002   1.2674003839492798E-002   1.2857005000114441E-002   1.2962996959686279E-002
   1.4178004115819931E-002   1.3641998171806335E-002   1.3050995767116547E-002   1.2782998383045197E-002
   1.3689000159502029E-002   1.3129003345966339E-002   1.2840002775192261E-002   1.3081997632980347E-002
   1.3641998171806335E-002   1.4031000435352325E-002   1.3291001319885254E-002   1.3640999794006348E-002
m=10000:n=150:k=150
   1.5190996229648590E-002   1.6240000724792480E-002   1.6144998371601105E-002   1.6324996948242188E-002
   1.5705998986959457E-002   1.4518998563289642E-002   1.4330998063087463E-002   1.4364995062351227E-002
   1.5620000660419464E-002   1.5540003776550293E-002   1.6258999705314636E-002   1.4785997569561005E-002
   1.5277002006769180E-002   1.6581006348133087E-002   1.4360003173351288E-002   1.4710001647472382E-002
   1.5539996325969696E-002   1.5101000666618347E-002   1.4872997999191284E-002   1.5772990882396698E-002
m=10000:n=160:k=160
   1.7783001065254211E-002   1.7627000808715820E-002   1.7570003867149353E-002   1.6432002186775208E-002
   1.7852000892162323E-002   1.6879998147487640E-002   1.6364000737667084E-002   1.6375996172428131E-002
   1.7273001372814178E-002   1.6829997301101685E-002   1.6318000853061676E-002   1.6925998032093048E-002
   1.7159000039100647E-002   1.6437001526355743E-002   1.6329996287822723E-002   1.6929008066654205E-002
   1.8116004765033722E-002   1.6633003950119019E-002   1.6501002013683319E-002   1.6509003937244415E-002
m=10000:n=170:k=170
   2.0614005625247955E-002   1.9432000815868378E-002   1.8876999616622925E-002   1.8644005060195923E-002
   2.0845003426074982E-002   2.0928002893924713E-002   1.8638007342815399E-002   1.8856003880500793E-002
   2.0185001194477081E-002   1.9449993968009949E-002   2.0703002810478210E-002   1.9106999039649963E-002
   1.9645996391773224E-002   1.9561998546123505E-002   1.8725998699665070E-002   1.9899010658264160E-002
   2.0089000463485718E-002   1.8885001540184021E-002   1.8734999001026154E-002   1.8986999988555908E-002
m=10000:n=180:k=180
   2.2245995700359344E-002   2.1178998053073883E-002   2.1395005285739899E-002   2.0982995629310608E-002
   2.3059993982315063E-002   2.0774997770786285E-002   2.0954005420207977E-002   2.1458998322486877E-002
   2.1479994058609009E-002   2.0790994167327881E-002   2.0727999508380890E-002   2.0338997244834900E-002
   2.1814003586769104E-002   2.1806001663208008E-002   2.1063998341560364E-002   2.0658999681472778E-002
   2.2367998957633972E-002   2.2248998284339905E-002   2.0802006125450134E-002   2.1037995815277100E-002
m=10000:n=190:k=190
   2.4783998727798462E-002   2.2780999541282654E-002   2.2551998496055603E-002   2.2848010063171387E-002
   2.4773001670837402E-002   2.2627003490924835E-002   2.2579997777938843E-002   2.2924005985260010E-002
   2.3597002029418945E-002   2.2527001798152924E-002   2.2524997591972351E-002   2.2373005747795105E-002
   2.3842997848987579E-002   2.2679001092910767E-002   2.2409006953239441E-002   2.2413998842239380E-002
   2.4521000683307648E-002   2.3946993052959442E-002   2.2620990872383118E-002   2.3124009370803833E-002
m=10000:n=200:k=200
   2.6623003184795380E-002   2.5200001895427704E-002   2.5011003017425537E-002   2.5047004222869873E-002
   2.6831999421119690E-002   2.5766000151634216E-002   2.5505006313323975E-002   2.5644004344940186E-002
   2.9440999031066895E-002   2.5736995041370392E-002   2.5382012128829956E-002   2.5234997272491455E-002
   2.6447996497154236E-002   2.7294993400573730E-002   2.6406005024909973E-002   2.7921006083488464E-002
   2.6501998305320740E-002   2.5223992764949799E-002   2.5680005550384521E-002   2.5260999798774719E-002
m=10000:n=210:k=210
   3.0293002724647522E-002   2.9283002018928528E-002   2.7969002723693848E-002   2.7802005410194397E-002
   2.9692009091377258E-002   2.8369992971420288E-002   2.8797999024391174E-002   2.8413996100425720E-002
   3.0678004026412964E-002   2.9276996850967407E-002   2.8962999582290649E-002   2.8384000062942505E-002
   3.1313993036746979E-002   3.0757993459701538E-002   2.8110012412071228E-002   2.8752997517585754E-002
   2.9655002057552338E-002   2.9293000698089600E-002   3.0400007963180542E-002   2.9174000024795532E-002
m=10000:n=220:k=220
   3.2476991415023804E-002   3.1713992357254028E-002   3.2733008265495300E-002   3.1015992164611816E-002
   3.1851999461650848E-002   3.1239002943038940E-002   3.0778005719184875E-002   3.0130997300148010E-002
   3.1698994338512421E-002   3.1286999583244324E-002   3.1536996364593506E-002   3.0968010425567627E-002
   3.4097000956535339E-002   3.1036004424095154E-002   3.2593995332717896E-002   3.2354995608329773E-002
   3.1872995197772980E-002   3.0459001660346985E-002   3.0156999826431274E-002   3.0430004000663757E-002
m=10000:n=230:k=230
   3.4391000866889954E-002   3.4077003598213196E-002   3.2868996262550354E-002   3.2575994729995728E-002
   3.4147992730140686E-002   3.6550000309944153E-002   3.2252997159957886E-002   3.4339010715484619E-002
   3.3857002854347229E-002   3.3040001988410950E-002   3.2585009932518005E-002   3.2278001308441162E-002
   3.4694001078605652E-002   3.3647000789642334E-002   3.2093003392219543E-002   3.2535001635551453E-002
   3.5324998199939728E-002   3.2586008310317993E-002   3.2252997159957886E-002   3.2652005553245544E-002
m=10000:n=240:k=240
   3.7555009126663208E-002   3.6262005567550659E-002   3.5439997911453247E-002   3.5220012068748474E-002
   3.7487998604774475E-002   3.7142992019653320E-002   3.5987004637718201E-002   3.6767005920410156E-002
   3.8750007748603821E-002   3.6494001746177673E-002   3.5530000925064087E-002   3.5465002059936523E-002
   3.8474008440971375E-002   3.7093997001647949E-002   3.6483004689216614E-002   3.5486996173858643E-002
   3.8069002330303192E-002   3.7793993949890137E-002   3.6958009004592896E-002   3.6168009042739868E-002
m=10000:n=250:k=250
   4.0731996297836304E-002   3.9519995450973511E-002   3.8397014141082764E-002   3.8962990045547485E-002
   4.1031002998352051E-002   4.0207996964454651E-002   3.9186999201774597E-002   3.9083987474441528E-002
   4.2062997817993164E-002   4.1210994124412537E-002   3.9680004119873047E-002   3.8667023181915283E-002
   4.0790989995002747E-002   4.1263997554779053E-002   4.0156990289688110E-002   3.9263993501663208E-002
   4.0579006075859070E-002   3.9048999547958374E-002   3.8807004690170288E-002   3.8548007607460022E-002
m=10000:n=260:k=260
   4.3489992618560791E-002   4.3682992458343506E-002   4.2654991149902344E-002   4.1670978069305420E-002
   4.3599992990493774E-002   4.2589008808135986E-002   4.3374001979827881E-002   4.2241007089614868E-002
   4.5271009206771851E-002   4.5126989483833313E-002   4.3049007654190063E-002   4.3897002935409546E-002
   4.4318005442619324E-002   4.4257000088691711E-002   4.2648985981941223E-002   4.2104005813598633E-002
   4.5206993818283081E-002   4.2251005768775940E-002   4.2209997773170471E-002   4.1838020086288452E-002
m=10000:n=270:k=270
   4.6895012259483337E-002   4.5802995562553406E-002   4.4062018394470215E-002   4.4164001941680908E-002
   4.5896008610725403E-002   4.4779002666473389E-002   4.5515984296798706E-002   4.4436007738113403E-002
   4.5949995517730713E-002   4.4748008251190186E-002   4.3922007083892822E-002   4.3729007244110107E-002
   5.3832992911338806E-002   4.8515990376472473E-002   4.5315995812416077E-002   4.6113014221191406E-002
   5.0817996263504028E-002   4.7917008399963379E-002   4.8014983534812927E-002   4.8280984163284302E-002
m=10000:n=280:k=280
   5.3269997239112854E-002   5.2651003003120422E-002   5.1390975713729858E-002   5.1140010356903076E-002
   5.0139993429183960E-002   4.8822000622749329E-002   4.7953993082046509E-002   4.7257989645004272E-002
   5.0414994359016418E-002   5.1675006747245789E-002   4.7255992889404297E-002   4.7241002321243286E-002
   5.1096990704536438E-002   4.9034014344215393E-002   4.7832995653152466E-002   5.0664991140365601E-002
   4.9017995595932007E-002   4.8202991485595703E-002   4.7637999057769775E-002   4.7116994857788086E-002
m=10000:n=290:k=290
   5.4407998919487000E-002   5.2851989865303040E-002   5.1916003227233887E-002   5.2044987678527832E-002
   5.4875999689102173E-002   5.2682012319564819E-002   5.4749011993408203E-002   5.2442014217376709E-002
   5.6352004408836365E-002   5.4515019059181213E-002   5.3238987922668457E-002   5.2137017250061035E-002
   5.3844004869461060E-002   5.3872004151344299E-002   5.2258998155593872E-002   5.2845001220703125E-002
   5.4204002022743225E-002   5.2829995751380920E-002   5.2112996578216553E-002   5.2316009998321533E-002
m=10000:n=300:k=300
   5.6498005986213684E-002   5.6390002369880676E-002   5.5447012186050415E-002   6.0802996158599854E-002
   5.7404994964599609E-002   5.5204987525939941E-002   5.4447978734970093E-002   5.4820984601974487E-002
   5.7227000594139099E-002   5.5542990565299988E-002   5.4298996925354004E-002   5.4511010646820068E-002
   5.6172996759414673E-002   5.9581011533737183E-002   5.5258989334106445E-002   5.5641025304794312E-002
   5.7634010910987854E-002   5.5792987346649170E-002   5.5581003427505493E-002   5.5530995130538940E-002
m=10000:n=310:k=310
   6.0956999659538269E-002   5.8662995696067810E-002   5.8088004589080811E-002   5.7083010673522949E-002
   6.1379000544548035E-002   5.9965997934341431E-002   5.8196008205413818E-002   5.8073997497558594E-002
   6.0689002275466919E-002   5.8074995875358582E-002   5.7359009981155396E-002   5.7280004024505615E-002
   6.0638010501861572E-002   5.8679997920989990E-002   5.7162016630172729E-002   5.7090997695922852E-002
   6.2354996800422668E-002   6.1385005712509155E-002   5.9046000242233276E-002   5.7757019996643066E-002
m=10000:n=320:k=320
   6.3776001334190369E-002   6.6455006599426270E-002   6.2747001647949219E-002   6.4815998077392578E-002
   6.7968010902404785E-002   6.3600987195968628E-002   6.3158988952636719E-002   6.2557995319366455E-002
   6.4388006925582886E-002   6.2696993350982666E-002   6.2230020761489868E-002   6.2092006206512451E-002
   6.4369007945060730E-002   6.3868999481201172E-002   6.3158005475997925E-002   6.3046008348464966E-002
   6.6022992134094238E-002   6.2981992959976196E-002   6.2238991260528564E-002   6.2342017889022827E-002
m=10000:n=330:k=330
   7.1198984980583191E-002   6.6985994577407837E-002   6.6095024347305298E-002   6.6122978925704956E-002
   6.8535983562469482E-002   6.8051010370254517E-002   6.5758019685745239E-002   6.5944999456405640E-002
   6.9738999009132385E-002   6.7050993442535400E-002   6.5992981195449829E-002   6.5524995326995850E-002
   6.9313004612922668E-002   6.8460017442703247E-002   6.6532999277114868E-002   6.5310001373291016E-002
   6.9234997034072876E-002   6.9144994020462036E-002   6.5841019153594971E-002   6.6016018390655518E-002
m=10000:n=340:k=340
   7.3378995060920715E-002   7.2629004716873169E-002   7.0042014122009277E-002   7.2154998779296875E-002
   7.6287001371383667E-002   7.1730017662048340E-002   7.0526987314224243E-002   7.1631997823715210E-002
   7.4957013130187988E-002   7.2124987840652466E-002   7.0045977830886841E-002   7.0064008235931396E-002
   7.4873000383377075E-002   7.3312014341354370E-002   7.0315986871719360E-002   6.9200992584228516E-002
   7.4354991316795349E-002   7.1745008230209351E-002   6.9783002138137817E-002   7.0567965507507324E-002
m=10000:n=350:k=350
   7.6800987124443054E-002   7.8633010387420654E-002   7.3413997888565063E-002   7.2878032922744751E-002
   7.8030019998550415E-002   7.6687991619110107E-002   7.2982013225555420E-002   7.5241982936859131E-002
   7.6821014285087585E-002   7.5354009866714478E-002   7.4299007654190063E-002   7.2705984115600586E-002
   7.6966986060142517E-002   7.4784994125366211E-002   7.3862999677658081E-002   7.4038028717041016E-002
   7.9802989959716797E-002   7.7405005693435669E-002   7.2692990303039551E-002   7.4189007282257080E-002
m=10000:n=360:k=360
   8.0172002315521240E-002   7.9566985368728638E-002   7.8616023063659668E-002   7.9224020242691040E-002
   8.4005996584892273E-002   7.9019993543624878E-002   7.7005982398986816E-002   7.8750997781753540E-002
   8.0096006393432617E-002   8.0116003751754761E-002   7.7500998973846436E-002   7.9743981361389160E-002
   8.0266013741493225E-002   8.0228000879287720E-002   7.8149020671844482E-002   8.0120980739593506E-002
   8.1081002950668335E-002   8.0451995134353638E-002   7.9349994659423828E-002   7.6987981796264648E-002
m=10000:n=370:k=370
   8.8109016418457031E-002   8.4852010011672974E-002   8.3367973566055298E-002   8.3199977874755859E-002
   8.6758002638816833E-002   8.5128009319305420E-002   8.4279030561447144E-002   8.3774030208587646E-002
   8.9054003357887268E-002   8.7837010622024536E-002   8.5300981998443604E-002   8.4576964378356934E-002
   8.8151991367340088E-002   8.4623008966445923E-002   8.4025979042053223E-002   8.4303975105285645E-002
   8.7244987487792969E-002   8.5220009088516235E-002   8.4093987941741943E-002   8.3469986915588379E-002
m=10000:n=380:k=380
   9.0588003396987915E-002   8.9065998792648315E-002   8.7015986442565918E-002   8.6714982986450195E-002
   9.1105997562408447E-002   8.8961005210876465E-002   8.6726993322372437E-002   8.7623000144958496E-002
   9.3360990285873413E-002   8.8798016309738159E-002   8.7864995002746582E-002   8.7223947048187256E-002
   9.5800995826721191E-002   8.9778006076812744E-002   8.8439971208572388E-002   8.7442994117736816E-002
   9.0941011905670166E-002   8.8604003190994263E-002   8.6631983518600464E-002   8.7170004844665527E-002
m=10000:n=390:k=390
   9.4981998205184937E-002   9.3064993619918823E-002   9.0462028980255127E-002   9.0560019016265869E-002
   9.5613002777099609E-002   9.2980980873107910E-002   9.1737985610961914E-002   9.1024994850158691E-002
   9.7386002540588379E-002   9.6424013376235962E-002   9.0349018573760986E-002   9.2010021209716797E-002
   9.3479990959167480E-002   9.1715991497039795E-002   9.0871006250381470E-002   8.9134037494659424E-002
   9.3832015991210938E-002   9.3102991580963135E-002   9.0534001588821411E-002   9.2495977878570557E-002
m=10000:n=400:k=400
  0.10167002677917480        9.9192976951599121E-002   9.7751975059509277E-002   9.8307013511657715E-002
  0.10137000679969788        9.8419994115829468E-002   9.7339004278182983E-002  0.10342198610305786     
  0.10137000679969788        9.9083006381988525E-002   9.6716016530990601E-002   9.6404016017913818E-002
  0.10017499327659607        9.8866015672683716E-002   9.6252977848052979E-002   9.6832990646362305E-002
  0.10274899005889893        9.8055005073547363E-002   9.5822989940643311E-002   9.5322012901306152E-002
m=10000:n=410:k=410
  0.10584598779678345       0.10402697324752808       0.10051399469375610       0.10066896677017212     
  0.10723200440406799       0.10416102409362793       0.10214400291442871       0.10210096836090088     
  0.10619100928306580       0.10496097803115845       0.10225701332092285       0.10279101133346558     
  0.10783600807189941       0.10435897111892700       0.10159301757812500       0.10320502519607544     
  0.10727599263191223       0.10287001729011536       0.10252600908279419       0.10297197103500366     
m=10000:n=420:k=420
  0.11042502522468567       0.10809096693992615       0.10704600811004639       0.10437297821044922     
  0.11164799332618713       0.11043500900268555       0.10644996166229248       0.10623002052307129     
  0.11194500327110291       0.10973098874092102       0.10735601186752319       0.10752302408218384     
  0.11278298497200012       0.10959699749946594       0.10802900791168213       0.10915702581405640     
  0.11392799019813538       0.10935100913047791       0.10741901397705078       0.10943096876144409     
m=10000:n=430:k=430
  0.11514198780059814       0.11368900537490845       0.11091399192810059       0.11190700531005859     
  0.11589300632476807       0.11377200484275818       0.11042797565460205       0.11104696989059448     
  0.11640399694442749       0.11671599745750427       0.11440598964691162       0.11179697513580322     
  0.11859500408172607       0.11545100808143616       0.11329901218414307       0.11172395944595337     
  0.11667799949645996       0.12135601043701172       0.11701399087905884       0.11131197214126587     
m=10000:n=440:k=440
  0.12134298682212830       0.11986598372459412       0.11679697036743164       0.11677098274230957     
  0.12319499254226685       0.12033796310424805       0.11724001169204712       0.12029498815536499     
  0.12199899554252625       0.11983901262283325       0.11580401659011841       0.11546999216079712     
  0.12351498007774353       0.11982896924018860       0.11848199367523193       0.11827403306961060     
  0.12104699015617371       0.12045601010322571       0.11779195070266724       0.11932098865509033     
m=10000:n=450:k=450
  0.13006597757339478       0.12946701049804688       0.12560898065567017       0.12452399730682373     
  0.12600201368331909       0.12556898593902588       0.12306898832321167       0.12363898754119873     
  0.13035598397254944       0.12631899118423462       0.12539201974868774       0.12449198961257935     
  0.12964400649070740       0.13090601563453674       0.12691801786422729       0.12318998575210571     
  0.13004800677299500       0.12839499115943909       0.12384003400802612       0.12528598308563232     
m=10000:n=460:k=460
  0.13588300347328186       0.13232001662254333       0.12919896841049194       0.12948501110076904     
  0.13338300585746765       0.13521200418472290       0.12939596176147461       0.13052600622177124     
  0.13598600029945374       0.13282698392868042       0.13146895170211792       0.12713301181793213     
  0.13606297969818115       0.13322702050209045       0.12904298305511475       0.12953799962997437     
  0.13492599129676819       0.13216397166252136       0.12834602594375610       0.13034301996231079     
m=10000:n=470:k=470
  0.13854897022247314       0.13881099224090576       0.13369196653366089       0.13339596986770630     
  0.13872700929641724       0.13706499338150024       0.13289600610733032       0.13356703519821167     
  0.14026403427124023       0.13544499874114990       0.13307398557662964       0.13378000259399414     
  0.13860598206520081       0.13731402158737183       0.13452398777008057       0.13299298286437988     
  0.13717100024223328       0.13566797971725464       0.13084399700164795       0.13379299640655518     
m=10000:n=480:k=480
  0.14712902903556824       0.14606600999832153       0.14190000295639038       0.14154601097106934     
  0.14757597446441650       0.14393401145935059       0.14232397079467773       0.14433503150939941     
  0.14674800634384155       0.14266103506088257       0.14007300138473511       0.14115899801254272     
  0.14916399121284485       0.14371299743652344       0.14277601242065430       0.14327698945999146     
  0.14835497736930847       0.14407801628112793       0.14170199632644653       0.14098596572875977     
m=10000:n=490:k=490
  0.15479597449302673       0.15446597337722778       0.15011602640151978       0.14986896514892578     
  0.15486100316047668       0.15222102403640747       0.15345603227615356       0.15068405866622925     
  0.15750399231910706       0.15147697925567627       0.14723402261734009       0.14786797761917114     
  0.15493598580360413       0.15354597568511963       0.14905500411987305       0.15041804313659668     
  0.15746101737022400       0.15364301204681396       0.15206700563430786       0.14961898326873779     
m=10000:n=500:k=500
  0.16269701719284058       0.15987700223922729       0.15359002351760864       0.15475600957870483     
  0.16368797421455383       0.15807199478149414       0.15573000907897949       0.15492600202560425     
  0.16221603751182556       0.15818798542022705       0.15926998853683472       0.15488004684448242     
  0.16090700030326843       0.15836495161056519       0.15734601020812988       0.15626502037048340     
  0.16183301806449890       0.16069197654724121       0.15511804819107056       0.15857797861099243     
m=10000:n=510:k=510
  0.16611298918724060       0.16400194168090820       0.15828502178192139       0.15933704376220703     
  0.16840898990631104       0.16449403762817383       0.15984100103378296       0.15967994928359985     
  0.16542500257492065       0.16427499055862427       0.16120100021362305       0.16116005182266235     
  0.16409698128700256       0.16339099407196045       0.15966904163360596       0.15923500061035156     
  0.16767096519470215       0.16594398021697998       0.16012901067733765       0.16023397445678711     
m=10000:n=520:k=520
  0.17232999205589294       0.17149502038955688       0.16516202688217163       0.16600596904754639     
  0.17238703370094299       0.17043697834014893       0.16816997528076172       0.16632795333862305     
  0.17080596089363098       0.17036098241806030       0.16328197717666626       0.16396206617355347     
  0.17243501543998718       0.16896301507949829       0.16397500038146973       0.16479504108428955     
  0.17152401804924011       0.17130202054977417       0.16676396131515503       0.17867302894592285     
m=10000:n=530:k=530
  0.18243700265884399       0.18298196792602539       0.17734998464584351       0.17697501182556152     
  0.17901000380516052       0.17905002832412720       0.17211896181106567       0.17304700613021851     
  0.18082800507545471       0.17867898941040039       0.17343300580978394       0.17519694566726685     
  0.18201398849487305       0.17995697259902954       0.17294698953628540       0.17474108934402466     
  0.18241199851036072       0.17786401510238647       0.17451202869415283       0.17419105768203735     
m=10000:n=540:k=540
  0.18480700254440308       0.18255299329757690       0.17844700813293457       0.17897999286651611     
  0.18549102544784546       0.18399399518966675       0.17847704887390137       0.17959606647491455     
  0.18463203310966492       0.18207901716232300       0.17796695232391357       0.17576789855957031     
  0.18743601441383362       0.18294399976730347       0.17885404825210571       0.17892301082611084     
  0.18445798754692078       0.18381494283676147       0.17705500125885010       0.17935502529144287     
m=10000:n=550:k=550
  0.19030299782752991       0.18782603740692139       0.18274998664855957       0.18155097961425781     
  0.18969699740409851       0.18810200691223145       0.18048501014709473       0.18332791328430176     
  0.19285100698471069       0.18769496679306030       0.18281096220016479       0.18536496162414551     
  0.19098898768424988       0.19037300348281860       0.18145608901977539       0.18197107315063477     
  0.19036403298377991       0.18674302101135254       0.18437498807907104       0.18241691589355469     
m=10000:n=560:k=560
  0.20254600048065186       0.19984799623489380       0.19348692893981934       0.19185793399810791     
  0.20080101490020752       0.19616597890853882       0.19244092702865601       0.19376599788665771     
  0.19712001085281372       0.19705200195312500       0.19169902801513672       0.19382607936859131     
  0.20026999711990356       0.19781398773193359       0.19369500875473022       0.20685601234436035     
  0.20264500379562378       0.19668596982955933       0.19102299213409424       0.19209992885589600     
m=10000:n=570:k=570
  0.20404899120330811       0.20387798547744751       0.19823104143142700       0.19905006885528564     
  0.20613497495651245       0.20324295759201050       0.19751894474029541       0.19801497459411621     
  0.20899999141693115       0.20321196317672729       0.20002198219299316       0.20231401920318604     
  0.20845997333526611       0.20415496826171875       0.19850397109985352       0.19920194149017334     
  0.20789903402328491       0.20511800050735474       0.19904303550720215       0.19843697547912598     
m=10000:n=580:k=580
  0.21803998947143555       0.21284598112106323       0.20598995685577393       0.20740604400634766     
  0.21659499406814575       0.21305197477340698       0.20930498838424683       0.20922100543975830     
  0.21606999635696411       0.21524298191070557       0.20921999216079712       0.20775103569030762     
  0.21549695730209351       0.21118301153182983       0.20706397294998169       0.20832908153533936     
  0.21510398387908936       0.21166300773620605       0.20835304260253906       0.21246802806854248     
m=10000:n=590:k=590
  0.22279703617095947       0.21980297565460205       0.21238100528717041       0.21344196796417236     
  0.22061496973037720       0.22330498695373535       0.21344399452209473       0.20958507061004639     
  0.22246700525283813       0.21713000535964966       0.20952403545379639       0.21372592449188232     
  0.22274100780487061       0.21767395734786987       0.21249902248382568       0.21284604072570801     
  0.22212201356887817       0.21801197528839111       0.21667498350143433       0.21329700946807861     
m=10000:n=600:k=600
  0.22730600833892822       0.22848504781723022       0.22092199325561523       0.21913897991180420     
  0.23186504840850830       0.22803199291229248       0.21981596946716309       0.21786904335021973     
  0.22856199741363525       0.22273004055023193       0.21832311153411865       0.21720802783966064     
  0.22542595863342285       0.22208803892135620       0.21668004989624023       0.21674692630767822     
  0.22649103403091431       0.22507899999618530       0.21933495998382568       0.21884691715240479     
m=10000:n=610:k=610
  0.23808401823043823       0.23555999994277954       0.22597801685333252       0.22906589508056641     
  0.23572301864624023       0.23249304294586182       0.23005509376525879       0.22996008396148682     
  0.24276602268218994       0.23298597335815430       0.22720205783843994       0.22718298435211182     
  0.23504805564880371       0.23320204019546509       0.23313689231872559       0.22821497917175293     
  0.23755002021789551       0.23557198047637939       0.23081898689270020       0.22899305820465088     
m=10000:n=620:k=620
  0.23949497938156128       0.23691499233245850       0.23563396930694580       0.23260593414306641     
  0.24077796936035156       0.23826795816421509       0.23209798336029053       0.23333501815795898     
  0.24097698926925659       0.23922497034072876       0.24616193771362305       0.24811410903930664     
  0.24092596769332886       0.23699098825454712       0.23241698741912842       0.23324692249298096     
  0.24284696578979492       0.24070996046066284       0.23337495326995850       0.23151099681854248     
m=10000:n=630:k=630
  0.24730199575424194       0.24162095785140991       0.24108397960662842       0.23618197441101074     
  0.24986296892166138       0.24671101570129395       0.23834395408630371       0.23710894584655762     
  0.24541699886322021       0.24357002973556519       0.23784899711608887       0.23721408843994141     
  0.24628603458404541       0.24283307790756226       0.23756694793701172       0.23771202564239502     
  0.24388098716735840       0.24341201782226562       0.23748004436492920       0.23693799972534180     
m=10000:n=640:k=640
  0.26105600595474243       0.25475805997848511       0.24749290943145752       0.24860608577728271     
  0.25749200582504272       0.25750607252120972       0.24729394912719727       0.24797904491424561     
  0.25789099931716919       0.25251603126525879       0.24761009216308594       0.24772596359252930     
  0.25446999073028564       0.25554001331329346       0.24911296367645264       0.24914896488189697     
  0.25965499877929688       0.25465697050094604       0.24671196937561035       0.24731290340423584     
m=10000:n=650:k=650
  0.28320401906967163       0.26317405700683594       0.25441706180572510       0.25425601005554199     
  0.26433002948760986       0.26142507791519165       0.25462305545806885       0.25464200973510742     
  0.26390403509140015       0.26318603754043579       0.25529897212982178       0.25426208972930908     
  0.26480203866958618       0.26112705469131470       0.25445604324340820       0.25463199615478516     
  0.26447498798370361       0.26184803247451782       0.25350201129913330       0.25332605838775635     
m=10000:n=660:k=660
  0.27204698324203491       0.27019006013870239       0.26220798492431641       0.26363599300384521     
  0.27391898632049561       0.27037292718887329       0.26645803451538086       0.26331305503845215     
  0.27377396821975708       0.27003598213195801       0.26146101951599121       0.26438295841217041     
  0.26943004131317139       0.27621108293533325       0.26476192474365234       0.26366603374481201     
  0.27486401796340942       0.26812499761581421       0.26491403579711914       0.26153802871704102     
m=10000:n=670:k=670
  0.27724897861480713       0.27624791860580444       0.26715588569641113       0.26926410198211670     
  0.27963197231292725       0.27566194534301758       0.26987993717193604       0.27017283439636230     
  0.28060501813888550       0.27589106559753418       0.27124392986297607       0.27216887474060059     
  0.27982801198959351       0.27640098333358765       0.26834893226623535       0.26899099349975586     
  0.28011596202850342       0.27866899967193604       0.26913702487945557       0.26868605613708496     
m=10000:n=680:k=680
  0.29171806573867798       0.28112900257110596       0.27621603012084961       0.27783203125000000     
  0.28847604990005493       0.28598606586456299       0.27601099014282227       0.27601909637451172     
  0.28594005107879639       0.28477406501770020       0.27684497833251953       0.27533805370330811     
  0.28812301158905029       0.28285300731658936       0.27897202968597412       0.27677309513092041     
  0.28696697950363159       0.28431403636932373       0.27830100059509277       0.27780008316040039     
m=10000:n=690:k=690
  0.29954898357391357       0.29721295833587646       0.28769803047180176       0.28579306602478027     
  0.29750502109527588       0.29954600334167480       0.28824794292449951       0.28954792022705078     
  0.30244100093841553       0.29577291011810303       0.28648793697357178       0.29197490215301514     
  0.31774801015853882       0.29307794570922852       0.28385388851165771       0.29167795181274414     
  0.30330705642700195       0.29522907733917236       0.28791201114654541       0.28856205940246582     
m=10000:n=700:k=700
  0.30804401636123657       0.29995906352996826       0.29384493827819824       0.29296684265136719     
  0.30527800321578979       0.30248904228210449       0.29405796527862549       0.29316401481628418     
  0.30754101276397705       0.30351102352142334       0.29366195201873779       0.29260003566741943     
  0.30439001321792603       0.30109894275665283       0.29275310039520264       0.29326605796813965     
  0.30635201930999756       0.30511796474456787       0.29600703716278076       0.29527997970581055     
m=10000:n=710:k=710
  0.30815702676773071       0.31197190284729004       0.29903900623321533       0.29921114444732666     
  0.30889701843261719       0.30864799022674561       0.29727888107299805       0.29749798774719238     
  0.31024307012557983       0.30375003814697266       0.29721403121948242       0.29532599449157715     
  0.31035202741622925       0.30981600284576416       0.29585206508636475       0.29821205139160156     
  0.31285595893859863       0.31012403964996338       0.29769396781921387       0.30967009067535400     
m=10000:n=720:k=720
  0.32148492336273193       0.31999397277832031       0.31283891201019287       0.30934286117553711     
  0.32651996612548828       0.32166099548339844       0.31331992149353027       0.31065309047698975     
  0.32327204942703247       0.32052493095397949       0.31096005439758301       0.31362390518188477     
  0.32869005203247070       0.32185089588165283       0.31398999691009521       0.31333100795745850     
  0.31943905353546143       0.31997406482696533       0.31072199344635010       0.31119000911712646     
m=10000:n=730:k=730
  0.33259302377700806       0.32848811149597168       0.31946015357971191       0.31986904144287109     
  0.33189404010772705       0.32787609100341797       0.31885099411010742       0.31985008716583252     
  0.33006995916366577       0.32862496376037598       0.32032704353332520       0.32137703895568848     
  0.33308196067810059       0.32805299758911133       0.31838405132293701       0.31757390499114990     
  0.33286798000335693       0.33125901222229004       0.31861400604248047       0.31719601154327393     
m=10000:n=740:k=740
  0.34028398990631104       0.33465301990509033       0.33146715164184570       0.33094811439514160     
  0.34717702865600586       0.33984792232513428       0.32767486572265625       0.32696700096130371     
  0.34383404254913330       0.33877801895141602       0.32838702201843262       0.32845711708068848     
  0.34555894136428833       0.33893191814422607       0.33181393146514893       0.33024001121520996     
  0.34177702665328979       0.34209501743316650       0.33021187782287598       0.32999300956726074     
m=10000:n=750:k=750
  0.34807598590850830       0.34613394737243652       0.33716309070587158       0.33482098579406738     
  0.34817594289779663       0.34643399715423584       0.33354187011718750       0.33426392078399658     
  0.34875798225402832       0.34719204902648926       0.33768105506896973       0.33941400051116943     
  0.34651899337768555       0.34664404392242432       0.33298802375793457       0.33634018898010254     
  0.34920006990432739       0.34582805633544922       0.33594298362731934       0.33506798744201660     
m=10000:n=760:k=760
  0.35938298702239990       0.35414993762969971       0.34130203723907471       0.34145712852478027     
  0.35550898313522339       0.35298395156860352       0.34985506534576416       0.36914396286010742     
  0.35956102609634399       0.35616898536682129       0.34337997436523438       0.34139585494995117     
  0.35564297437667847       0.35223305225372314       0.34232997894287109       0.34510707855224609     
  0.35940992832183838       0.35389411449432373       0.34447193145751953       0.34527683258056641     
m=10000:n=770:k=770
  0.37377494573593140       0.37173593044281006       0.35745000839233398       0.35829973220825195     
  0.36994695663452148       0.37451803684234619       0.35638892650604248       0.35984897613525391     
  0.37247198820114136       0.36629390716552734       0.35898005962371826       0.35394906997680664     
  0.37016600370407104       0.37028300762176514       0.35633802413940430       0.35202002525329590     
  0.36899995803833008       0.37239098548889160       0.35360598564147949       0.35472202301025391     
m=10000:n=780:k=780
  0.37771403789520264       0.37130105495452881       0.36101913452148438       0.36150097846984863     
  0.38137298822402954       0.37586104869842529       0.36708903312683105       0.36891388893127441     
  0.37572598457336426       0.37150800228118896       0.36188316345214844       0.35997200012207031     
  0.37598496675491333       0.37258493900299072       0.36162185668945312       0.35899186134338379     
  0.37668305635452271       0.36913406848907471       0.36663293838500977       0.36181902885437012     
m=10000:n=790:k=790
  0.38176697492599487       0.37691903114318848       0.37381005287170410       0.36546397209167480     
  0.38062000274658203       0.37329399585723877       0.36298298835754395       0.37109804153442383     
  0.38216805458068848       0.37694096565246582       0.36606192588806152       0.36992812156677246     
  0.38461995124816895       0.37950408458709717       0.37015795707702637       0.36714696884155273     
  0.38342195749282837       0.38155591487884521       0.36777400970458984       0.37063312530517578     
m=10000:n=800:k=800
  0.39809203147888184       0.39334893226623535       0.38466799259185791       0.38628292083740234     
  0.43120396137237549       0.40559911727905273       0.38091897964477539       0.38129806518554688     
  0.39682602882385254       0.39759397506713867       0.38091003894805908       0.38245892524719238     
  0.40595400333404541       0.39442300796508789       0.38044393062591553       0.38465690612792969     
  0.39743095636367798       0.39434504508972168       0.38095712661743164       0.37872004508972168     
m=10000:n=810:k=810
  0.40393900871276855       0.40194702148437500       0.38767910003662109       0.38703298568725586     
  0.40298497676849365       0.40309107303619385       0.38856410980224609       0.38593792915344238     
  0.40557694435119629       0.39946091175079346       0.38547706604003906       0.38775110244750977     
  0.39958596229553223       0.40157902240753174       0.38649797439575195       0.38662600517272949     
  0.40566396713256836       0.40034389495849609       0.38744783401489258       0.38540983200073242     
m=10000:n=820:k=820
  0.41944599151611328       0.41183197498321533       0.40286803245544434       0.40224194526672363     
  0.41860902309417725       0.41722297668457031       0.40763497352600098       0.39752411842346191     
  0.42266798019409180       0.41273701190948486       0.39702415466308594       0.40313887596130371     
  0.42133009433746338       0.41371905803680420       0.41276597976684570       0.40233612060546875     
  0.41778004169464111       0.41008996963500977       0.40151107311248779       0.39830207824707031     
m=10000:n=830:k=830
  0.43054306507110596       0.42067599296569824       0.40942203998565674       0.40664100646972656     
  0.42069196701049805       0.42218303680419922       0.40411686897277832       0.40529799461364746     
  0.42364311218261719       0.42427003383636475       0.40662813186645508       0.41051793098449707     
  0.42543303966522217       0.42072296142578125       0.40865898132324219       0.40410089492797852     
  0.42523705959320068       0.41776514053344727       0.40530204772949219       0.40555214881896973     
m=10000:n=840:k=840
  0.43444705009460449       0.42846107482910156       0.41281318664550781       0.41659092903137207     
  0.43739593029022217       0.42910695075988770       0.41608715057373047       0.41690707206726074     
  0.43227100372314453       0.43209493160247803       0.41499185562133789       0.42101693153381348     
  0.43016302585601807       0.42575597763061523       0.41621899604797363       0.41456890106201172     
  0.43404102325439453       0.42830693721771240       0.41380393505096436       0.41631388664245605     
m=10000:n=850:k=850
  0.45560598373413086       0.46990513801574707       0.43386793136596680       0.42702889442443848     
  0.45224797725677490       0.44715213775634766       0.43267917633056641       0.43294095993041992     
  0.45307505130767822       0.44561505317687988       0.43219089508056641       0.43458485603332520     
  0.45060396194458008       0.45071697235107422       0.42832803726196289       0.42906308174133301     
  0.45119285583496094       0.45334887504577637       0.42912387847900391       0.43122482299804688     
m=10000:n=860:k=860
  0.45151793956756592       0.45306086540222168       0.43675184249877930       0.43650102615356445     
  0.45730900764465332       0.45558810234069824       0.43756198883056641       0.43777418136596680     
  0.45852088928222656       0.45269393920898438       0.43671822547912598       0.43323588371276855     
  0.45477998256683350       0.45055294036865234       0.43255591392517090       0.43360900878906250     
  0.45344793796539307       0.45220899581909180       0.43440604209899902       0.43220210075378418     
m=10000:n=870:k=870
  0.46045696735382080       0.45754098892211914       0.44799089431762695       0.43997788429260254     
  0.46113395690917969       0.45704007148742676       0.44433784484863281       0.44212794303894043     
  0.46038889884948730       0.45784592628479004       0.43840003013610840       0.44093322753906250     
  0.46135902404785156       0.45481801033020020       0.44605803489685059       0.44083714485168457     
  0.45976197719573975       0.46219098567962646       0.45418119430541992       0.43954181671142578     
m=10000:n=880:k=880
  0.48004591464996338       0.48112106323242188       0.45927214622497559       0.45730805397033691     
  0.47098898887634277       0.47620809078216553       0.46154308319091797       0.45723199844360352     
  0.48051512241363525       0.46933293342590332       0.45739984512329102       0.45894789695739746     
  0.47642004489898682       0.47858810424804688       0.46391701698303223       0.46321821212768555     
  0.47983396053314209       0.47676587104797363       0.46381688117980957       0.45855093002319336     
m=10000:n=890:k=890
  0.48899602890014648       0.48566102981567383       0.47207093238830566       0.46965098381042480     
  0.51026809215545654       0.48776602745056152       0.46664404869079590       0.46682691574096680     
  0.48645794391632080       0.48402404785156250       0.46911907196044922       0.46717095375061035     
  0.49161410331726074       0.48533797264099121       0.47165489196777344       0.46527695655822754     
  0.48832297325134277       0.48218989372253418       0.46847295761108398       0.46723508834838867     
m=10000:n=900:k=900
  0.49917995929718018       0.50233197212219238       0.48239994049072266       0.48103809356689453     
  0.50333189964294434       0.49727308750152588       0.48403716087341309       0.48496699333190918     
  0.50650203227996826       0.50539302825927734       0.48205614089965820       0.48074698448181152     
  0.50194394588470459       0.50040805339813232       0.48146915435791016       0.48041796684265137     
  0.52047407627105713       0.52935504913330078       0.48881506919860840       0.48208308219909668     
m=10000:n=910:k=910
  0.51117610931396484       0.50711798667907715       0.48797798156738281       0.48718404769897461     
  0.50952005386352539       0.50024199485778809       0.48049402236938477       0.48595905303955078     
  0.51214396953582764       0.50531208515167236       0.48661994934082031       0.48976778984069824     
  0.51312708854675293       0.50497508049011230       0.49403309822082520       0.48622512817382812     
  0.51046609878540039       0.50747799873352051       0.48486399650573730       0.48853492736816406     
m=10000:n=920:k=920
  0.52047801017761230       0.51318097114562988       0.49706387519836426       0.49933600425720215     
  0.52598905563354492       0.51518988609313965       0.49393105506896973       0.49749088287353516     
  0.52102804183959961       0.51593399047851562       0.49576497077941895       0.50067615509033203     
  0.51804006099700928       0.51857209205627441       0.49957418441772461       0.49574589729309082     
  0.52317404747009277       0.51610994338989258       0.50171899795532227       0.50201487541198730     
m=10000:n=930:k=930
  0.54403686523437500       0.53693604469299316       0.51763105392456055       0.51208996772766113     
  0.53899502754211426       0.53898513317108154       0.51855707168579102       0.51384902000427246     
  0.54696297645568848       0.54094004631042480       0.51477408409118652       0.51778292655944824     
  0.54378306865692139       0.53330612182617188       0.51673293113708496       0.51532793045043945     
  0.54115307331085205       0.53140807151794434       0.51441311836242676       0.52165913581848145     
m=10000:n=940:k=940
  0.54647588729858398       0.55034184455871582       0.52452206611633301       0.52492403984069824     
  0.55020797252655029       0.53981506824493408       0.52261400222778320       0.52466607093811035     
  0.54704797267913818       0.54846692085266113       0.52707791328430176       0.52407813072204590     
  0.54968595504760742       0.54639506340026855       0.52510380744934082       0.52748084068298340     
  0.54785406589508057       0.54251217842102051       0.52742505073547363       0.54485106468200684     
m=10000:n=950:k=950
  0.56153500080108643       0.55159878730773926       0.53293299674987793       0.53402519226074219     
  0.55780005455017090       0.54880690574645996       0.53042292594909668       0.52968406677246094     
  0.56242406368255615       0.55383992195129395       0.53119897842407227       0.53616094589233398     
  0.56383299827575684       0.55416798591613770       0.53200483322143555       0.53085494041442871     
  0.55737495422363281       0.55583190917968750       0.53407907485961914       0.53788208961486816     
m=10000:n=960:k=960
  0.57381796836853027       0.57063317298889160       0.55325794219970703       0.55030298233032227     
  0.57347297668457031       0.57086992263793945       0.54994416236877441       0.55165505409240723     
  0.57201409339904785       0.56992506980895996       0.54413104057312012       0.55513310432434082     
  0.57730102539062500       0.56121897697448730       0.54966902732849121       0.54971790313720703     
  0.57407796382904053       0.56837606430053711       0.54743504524230957       0.54646801948547363     
m=10000:n=970:k=970
  0.58926606178283691       0.58707404136657715       0.56356215476989746       0.56402087211608887     
  0.58994102478027344       0.61518907546997070       0.58307504653930664       0.56629514694213867     
  0.58461403846740723       0.57932400703430176       0.56379890441894531       0.56081914901733398     
  0.58192598819732666       0.58167719841003418       0.56153988838195801       0.56026887893676758     
  0.58770000934600830       0.57880616188049316       0.56352186203002930       0.55805611610412598     
m=10000:n=980:k=980
  0.59699094295501709       0.59238195419311523       0.57584190368652344       0.57716512680053711     
  0.59780609607696533       0.59938311576843262       0.57723498344421387       0.57557201385498047     
  0.60144889354705811       0.59324383735656738       0.57082295417785645       0.57252025604248047     
  0.60026490688323975       0.59451508522033691       0.56651592254638672       0.57188200950622559     
  0.60425496101379395       0.59400892257690430       0.56892704963684082       0.57345104217529297     
m=10000:n=990:k=990
  0.61036098003387451       0.60000801086425781       0.58329606056213379       0.57855510711669922     
  0.61845993995666504       0.60200810432434082       0.58457279205322266       0.58300995826721191     
  0.61470603942871094       0.60364890098571777       0.58328986167907715       0.57554817199707031     
  0.62001395225524902       0.60492300987243652       0.58328986167907715       0.58306097984313965     
  0.60291409492492676       0.60432219505310059       0.58378791809082031       0.58348107337951660     
m=10000:n=1000:k=1000
  0.62903714179992676       0.62253093719482422       0.60345482826232910       0.60562586784362793     
  0.63088607788085938       0.62916612625122070       0.60149192810058594       0.59551000595092773     
  0.62000489234924316       0.61951184272766113       0.59734702110290527       0.59368395805358887     
  0.61869883537292480       0.61770105361938477       0.59514808654785156       0.59871006011962891     
  0.63109898567199707       0.61964607238769531       0.61058306694030762       0.59667897224426270     
