m=10000:n=10
 QR_TIMES:    1.2199999764561653E-004   1.0999990627169609E-004   3.6800000816583633E-004
 LQ_TIMES:    8.4600038826465607E-004   5.2300002425909042E-004   4.0999986231327057E-004
 QR_TIMES:    1.1699995957314968E-004   1.1000013910233974E-004   3.9399997331202030E-004
 LQ_TIMES:    8.1099988892674446E-004   5.4099969565868378E-004   3.4099956974387169E-004
 QR_TIMES:    1.1899997480213642E-004   1.0899989865720272E-004   3.5500014200806618E-004
 LQ_TIMES:    7.9199997708201408E-004   5.2100000903010368E-004   3.4800032153725624E-004
 QR_TIMES:    1.2199999764561653E-004   1.0799989104270935E-004   3.7100026383996010E-004
 LQ_TIMES:    8.0400006845593452E-004   5.2100000903010368E-004   3.5499967634677887E-004
 QR_TIMES:    2.7000019326806068E-004   2.6899971999228001E-004   6.6999997943639755E-004
 LQ_TIMES:    8.0400006845593452E-004   9.2700030654668808E-004   3.9299950003623962E-004
m=10000:n=15
 QR_TIMES:    2.8199981898069382E-004   2.4899980053305626E-004   5.1699997857213020E-004
 LQ_TIMES:    1.2480001896619797E-003   9.7400043159723282E-004   5.3799990564584732E-004
 QR_TIMES:    2.9200012795627117E-004   2.7599977329373360E-004   5.2500003948807716E-004
 LQ_TIMES:    1.9350005313754082E-003   8.6900033056735992E-004   5.6300032883882523E-004
 QR_TIMES:    2.7600000612437725E-004   2.5400007143616676E-004   5.3399987518787384E-004
 LQ_TIMES:    1.2719999067485332E-003   9.6100009977817535E-004   5.1099993288516998E-004
 QR_TIMES:    2.7900002896785736E-004   2.5099981576204300E-004   5.3799990564584732E-004
 LQ_TIMES:    1.2830002233386040E-003   8.5500068962574005E-004   5.1199924200773239E-004
 QR_TIMES:    2.7399975806474686E-004   2.4699978530406952E-004   5.1599973812699318E-004
 LQ_TIMES:    1.3119997456669807E-003   8.7499991059303284E-004   4.9099978059530258E-004
m=10000:n=20
 QR_TIMES:    5.2999984472990036E-004   4.5699998736381531E-004   6.4799981191754341E-004
 LQ_TIMES:    1.8179994076490402E-003   1.2690005823969841E-003   6.8400055170059204E-004
 QR_TIMES:    5.2399979904294014E-004   4.6100001782178879E-004   6.0500018298625946E-004
 LQ_TIMES:    1.7860000953078270E-003   1.2280000373721123E-003   7.1500055491924286E-004
 QR_TIMES:    5.1699997857213020E-004   4.4800015166401863E-004   7.5200013816356659E-004
 LQ_TIMES:    1.7659999430179596E-003   1.8800003454089165E-003   7.3600001633167267E-004
 QR_TIMES:    5.2500003948807716E-004   4.6399980783462524E-004   7.4099982157349586E-004
 LQ_TIMES:    1.8549999222159386E-003   1.2140003964304924E-003   7.3799956589937210E-004
 QR_TIMES:    5.7000014930963516E-004   4.6300003305077553E-004   6.9199968129396439E-004
 LQ_TIMES:    1.7760004848241806E-003   1.2659998610615730E-003   7.3500070720911026E-004
m=10000:n=25
 QR_TIMES:    7.8700017184019089E-004   7.2699971497058868E-004   1.1179996654391289E-003
 LQ_TIMES:    2.5379993021488190E-003   1.7690006643533707E-003   9.6100009977817535E-004
 QR_TIMES:    8.0599961802363396E-004   7.2700018063187599E-004   1.0440000332891941E-003
 LQ_TIMES:    2.4360008537769318E-003   1.7129993066191673E-003   9.4900093972682953E-004
 QR_TIMES:    8.2900002598762512E-004   7.3100021108984947E-004   9.7600044682621956E-004
 LQ_TIMES:    2.3870002478361130E-003   1.6559995710849762E-003   9.1399997472763062E-004
 QR_TIMES:    7.8799994662404060E-004   7.7999988570809364E-004   9.3999970704317093E-004
 LQ_TIMES:    2.4539995938539505E-003   1.7859991639852524E-003   9.1799907386302948E-004
 QR_TIMES:    9.0000033378601074E-004   7.8599993139505386E-004   9.7700022161006927E-004
 LQ_TIMES:    2.5070002302527428E-003   1.6490006819367409E-003   9.2100165784358978E-004
m=10000:n=30
 QR_TIMES:    1.1909999884665012E-003   1.0820003226399422E-003   1.1280002072453499E-003
 LQ_TIMES:    3.2609999179840088E-003   2.4609994143247604E-003   1.1190008372068405E-003
 QR_TIMES:    1.1889999732375145E-003   1.1959997937083244E-003   1.1229999363422394E-003
 LQ_TIMES:    3.2760007306933403E-003   2.5210008025169373E-003   1.0190010070800781E-003
 QR_TIMES:    1.1869999580085278E-003   1.0719997808337212E-003   1.2349998578429222E-003
 LQ_TIMES:    3.3089993521571159E-003   2.5450009852647781E-003   1.0189991444349289E-003
 QR_TIMES:    1.1479998938739300E-003   1.3910001143813133E-003   1.5939995646476746E-003
 LQ_TIMES:    3.4359991550445557E-003   2.6010014116764069E-003   1.1930000036954880E-003
 QR_TIMES:    1.1430000886321068E-003   1.0610003955662251E-003   1.2790001928806305E-003
 LQ_TIMES:    3.2819993793964386E-003   2.2970009595155716E-003   1.1069998145103455E-003
m=10000:n=35
 QR_TIMES:    2.6230001822113991E-003   1.8369993194937706E-003   1.4680000022053719E-003
 LQ_TIMES:    4.0589999407529831E-003   3.1349994242191315E-003   1.2250002473592758E-003
 QR_TIMES:    1.6579995863139629E-003   1.4610001817345619E-003   1.5129996463656425E-003
 LQ_TIMES:    4.3540000915527344E-003   2.8389990329742432E-003   1.1509992182254791E-003
 QR_TIMES:    1.9339998252689838E-003   1.4549996703863144E-003   1.6430001705884933E-003
 LQ_TIMES:    3.9240010082721710E-003   3.1699985265731812E-003   1.1820010840892792E-003
 QR_TIMES:    1.6550002619624138E-003   1.4589997008442879E-003   1.5270002186298370E-003
 LQ_TIMES:    5.2879992872476578E-003   3.2360013574361801E-003   1.3980008661746979E-003
 QR_TIMES:    1.7200000584125519E-003   1.4660004526376724E-003   1.6310000792145729E-003
 LQ_TIMES:    4.7009997069835663E-003   3.3280011266469955E-003   1.3110004365444183E-003
m=10000:n=40
 QR_TIMES:    3.5670003853738308E-003   2.9220003634691238E-003   1.4690002426505089E-003
 LQ_TIMES:    5.5270008742809296E-003   3.9850007742643356E-003   1.3899989426136017E-003
 QR_TIMES:    2.0729997195303440E-003   2.3950003087520599E-003   1.6199992969632149E-003
 LQ_TIMES:    5.1039997488260269E-003   3.9609987288713455E-003   1.3800002634525299E-003
 QR_TIMES:    1.9200001843273640E-003   2.3969998583197594E-003   1.9949991255998611E-003
 LQ_TIMES:    5.2380003035068512E-003   4.0289983153343201E-003   1.4230012893676758E-003
 QR_TIMES:    1.9769994542002678E-003   2.2530006244778633E-003   1.8729995936155319E-003
 LQ_TIMES:    4.9120001494884491E-003   3.9999987930059433E-003   1.5869997441768646E-003
 QR_TIMES:    2.0059999078512192E-003   2.4520000442862511E-003   1.8119998276233673E-003
 LQ_TIMES:    5.6129992008209229E-003   3.8780011236667633E-003   1.4460012316703796E-003
m=10000:n=45
 QR_TIMES:    2.4849995970726013E-003   3.2829996198415756E-003   2.1540001034736633E-003
 LQ_TIMES:    7.6499991118907928E-003   4.8100017011165619E-003   1.7269998788833618E-003
 QR_TIMES:    2.5179996155202389E-003   2.7430001646280289E-003   2.2550011053681374E-003
 LQ_TIMES:    5.4509993642568588E-003   4.9350000917911530E-003   1.5820004045963287E-003
 QR_TIMES:    2.8169993311166763E-003   3.0920002609491348E-003   2.0300000905990601E-003
 LQ_TIMES:    6.3549987971782684E-003   4.8389993607997894E-003   1.6259998083114624E-003
 QR_TIMES:    2.9050000011920929E-003   4.0390007197856903E-003   2.3499988019466400E-003
 LQ_TIMES:    5.5270008742809296E-003   4.7949999570846558E-003   1.4929994940757751E-003
 QR_TIMES:    2.8869998641312122E-003   3.0429996550083160E-003   1.9270004704594612E-003
 LQ_TIMES:    6.4710006117820740E-003   5.0100013613700867E-003   1.8059983849525452E-003
m=10000:n=50
 QR_TIMES:    3.5970006138086319E-003   4.2820004746317863E-003   2.2459998726844788E-003
 LQ_TIMES:    6.6579990088939667E-003   6.0250014066696167E-003   2.2469982504844666E-003
 QR_TIMES:    3.6479998379945755E-003   3.1240005046129227E-003   1.8799994140863419E-003
 LQ_TIMES:    6.5490007400512695E-003   5.7280026376247406E-003   1.9620023667812347E-003
 QR_TIMES:    3.2089995220303535E-003   3.6800000816583633E-003   2.0800009369850159E-003
 LQ_TIMES:    6.2710009515285492E-003   6.5050013363361359E-003   1.9930005073547363E-003
 QR_TIMES:    3.9849998429417610E-003   4.4670002534985542E-003   1.9119996577501297E-003
 LQ_TIMES:    6.4509995281696320E-003   5.8859996497631073E-003   2.0509995520114899E-003
 QR_TIMES:    3.3780001103878021E-003   3.4859990701079369E-003   2.2060014307498932E-003
 LQ_TIMES:    7.2060003876686096E-003   5.7209990918636322E-003   1.9910000264644623E-003
m=10000:n=55
 QR_TIMES:    4.1270004585385323E-003   3.9769997820258141E-003   2.3250002413988113E-003
 LQ_TIMES:    6.8410001695156097E-003   7.1460008621215820E-003   2.2119991481304169E-003
 QR_TIMES:    4.8019997775554657E-003   4.3189991265535355E-003   2.3940000683069229E-003
 LQ_TIMES:    7.8039988875389099E-003   6.4410008490085602E-003   2.1809972822666168E-003
 QR_TIMES:    5.0909994170069695E-003   4.4430010020732880E-003   2.4340003728866577E-003
 LQ_TIMES:    6.9799982011318207E-003   7.2510018944740295E-003   2.3510009050369263E-003
 QR_TIMES:    4.2650001123547554E-003   4.3299999088048935E-003   2.5009997189044952E-003
 LQ_TIMES:    7.0040002465248108E-003   7.3649995028972626E-003   2.3389980196952820E-003
 QR_TIMES:    4.0659997612237930E-003   4.3310001492500305E-003   3.0290000140666962E-003
 LQ_TIMES:    7.0730000734329224E-003   7.2039999067783356E-003   2.2859983146190643E-003
m=10000:n=60
 QR_TIMES:    5.0079990178346634E-003   5.0580017268657684E-003   3.0559990555047989E-003
 LQ_TIMES:    8.9059993624687195E-003   7.6210014522075653E-003   2.3400001227855682E-003
 QR_TIMES:    5.1379995420575142E-003   5.3930003196001053E-003   2.9459986835718155E-003
 LQ_TIMES:    8.9079998433589935E-003   7.6480023562908173E-003   2.1010041236877441E-003
 QR_TIMES:    4.6359999105334282E-003   4.7070002183318138E-003   3.0429996550083160E-003
 LQ_TIMES:    8.0379992723464966E-003   7.1350000798702240E-003   2.2719986736774445E-003
 QR_TIMES:    4.6490002423524857E-003   4.6340003609657288E-003   3.0439998954534531E-003
 LQ_TIMES:    7.9310014843940735E-003   7.6479986310005188E-003   2.2629983723163605E-003
 QR_TIMES:    5.8709997683763504E-003   4.9239993095397949E-003   2.9850006103515625E-003
 LQ_TIMES:    9.6760019659996033E-003   9.6119977533817291E-003   2.1969974040985107E-003
m=10000:n=65
 QR_TIMES:    6.5170004963874817E-003   7.9049989581108093E-003   2.6670005172491074E-003
 LQ_TIMES:    1.6013000160455704E-002   1.6194999217987061E-002   2.4280026555061340E-003
 QR_TIMES:    8.3869993686676025E-003   9.0449992567300797E-003   2.5920011103153229E-003
 LQ_TIMES:    1.8599003553390503E-002   1.9228994846343994E-002   2.4540051817893982E-003
 QR_TIMES:    8.3729997277259827E-003   8.5779987275600433E-003   2.6550032198429108E-003
 LQ_TIMES:    1.9336998462677002E-002   1.9965998828411102E-002   2.5079995393753052E-003
 QR_TIMES:    7.8479992225766182E-003   8.4700006991624832E-003   3.0460022389888763E-003
 LQ_TIMES:    1.4389000833034515E-002   7.8469961881637573E-003   2.2870004177093506E-003
 QR_TIMES:    6.4039994031190872E-003   6.6780000925064087E-003   2.6289988309144974E-003
 LQ_TIMES:    8.1389993429183960E-003   7.9990029335021973E-003   2.2410005331039429E-003
m=10000:n=70
 QR_TIMES:    6.3340002670884132E-003   6.4739994704723358E-003   2.7430001646280289E-003
 LQ_TIMES:    8.7660029530525208E-003   9.4079971313476562E-003   2.7289986610412598E-003
 QR_TIMES:    6.2720002606511116E-003   6.4010005444288254E-003   3.2249987125396729E-003
 LQ_TIMES:    9.3440003693103790E-003   9.5810033380985260E-003   2.5880038738250732E-003
 QR_TIMES:    6.1619998887181282E-003   6.9999992847442627E-003   3.1320005655288696E-003
 LQ_TIMES:    1.0152000933885574E-002   9.4490014016628265E-003   2.5889948010444641E-003
 QR_TIMES:    6.0999998822808266E-003   6.7779999226331711E-003   3.6329999566078186E-003
 LQ_TIMES:    9.3499980866909027E-003   1.0839000344276428E-002   2.7280002832412720E-003
 QR_TIMES:    6.2110004946589470E-003   6.2279999256134033E-003   2.9489994049072266E-003
 LQ_TIMES:    9.2829987406730652E-003   9.7930021584033966E-003   2.7849972248077393E-003
m=10000:n=75
 QR_TIMES:    7.2549991309642792E-003   7.7060014009475708E-003   3.0109994113445282E-003
 LQ_TIMES:    1.0594002902507782E-002   1.0802000761032104E-002   3.2859966158866882E-003
 QR_TIMES:    7.1809990331530571E-003   7.1829985827207565E-003   3.0369982123374939E-003
 LQ_TIMES:    1.2881997972726822E-002   1.0282002389431000E-002   2.9859989881515503E-003
 QR_TIMES:    7.0989998057484627E-003   7.5879991054534912E-003   3.1629987061023712E-003
 LQ_TIMES:    1.0176997631788254E-002   1.0462999343872070E-002   3.0869990587234497E-003
 QR_TIMES:    7.0529989898204803E-003   7.1000009775161743E-003   3.0190013349056244E-003
 LQ_TIMES:    1.0409999638795853E-002   1.2040998786687851E-002   3.2199993729591370E-003
 QR_TIMES:    7.2460006922483444E-003   7.1120001375675201E-003   3.2400004565715790E-003
 LQ_TIMES:    1.0751996189355850E-002   1.2420997023582458E-002   3.1719952821731567E-003
m=10000:n=80
 QR_TIMES:    9.8940003663301468E-003   8.7730009108781815E-003   3.3329986035823822E-003
 LQ_TIMES:    1.2370001524686813E-002   1.3364002108573914E-002   3.3789947628974915E-003
 QR_TIMES:    8.1600006669759750E-003   9.4830002635717392E-003   3.8470029830932617E-003
 LQ_TIMES:    1.7614997923374176E-002   1.2220993638038635E-002   3.3090040087699890E-003
 QR_TIMES:    8.1839989870786667E-003   8.1940013915300369E-003   3.4289993345737457E-003
 LQ_TIMES:    1.3443000614643097E-002   1.1993996798992157E-002   3.2589957118034363E-003
 QR_TIMES:    8.4560001268982887E-003   8.7319985032081604E-003   3.4089982509613037E-003
 LQ_TIMES:    1.3865999877452850E-002   1.3549998402595520E-002   3.2700002193450928E-003
 QR_TIMES:    8.9920014142990112E-003   9.3169994652271271E-003   3.4280009567737579E-003
 LQ_TIMES:    1.3032998889684677E-002   1.4129996299743652E-002   3.3380016684532166E-003
m=10000:n=85
 QR_TIMES:    1.0389000177383423E-002   1.2051999568939209E-002   4.1720010340213776E-003
 LQ_TIMES:    1.3553000986576080E-002   1.5905998647212982E-002   3.5039931535720825E-003
 QR_TIMES:    1.0632000863552094E-002   1.1031001806259155E-002   4.0320008993148804E-003
 LQ_TIMES:    1.4821000397205353E-002   1.6469001770019531E-002   3.5499930381774902E-003
 QR_TIMES:    1.2051999568939209E-002   1.1400002986192703E-002   4.5320019125938416E-003
 LQ_TIMES:    1.6471996903419495E-002   1.8536001443862915E-002   3.5329982638359070E-003
 QR_TIMES:    1.1646000668406487E-002   1.1574998497962952E-002   4.3959990143775940E-003
 LQ_TIMES:    1.7599999904632568E-002   1.6143001616001129E-002   3.5059973597526550E-003
 QR_TIMES:    1.0765999555587769E-002   1.0633997619152069E-002   4.3810009956359863E-003
 LQ_TIMES:    1.6658000648021698E-002   1.6373001039028168E-002   3.5259947180747986E-003
m=10000:n=90
 QR_TIMES:    1.1672997847199440E-002   1.2793000787496567E-002   4.2590014636516571E-003
 LQ_TIMES:    1.7485998570919037E-002   1.9513003528118134E-002   3.8070082664489746E-003
 QR_TIMES:    1.1890001595020294E-002   1.2449000030755997E-002   4.3999999761581421E-003
 LQ_TIMES:    1.8797002732753754E-002   1.9941002130508423E-002   3.8149952888488770E-003
 QR_TIMES:    1.3950997963547707E-002   1.3124998658895493E-002   4.4509992003440857E-003
 LQ_TIMES:    1.7503000795841217E-002   2.1356999874114990E-002   3.6450028419494629E-003
 QR_TIMES:    1.2465998530387878E-002   1.6408000141382217E-002   5.3889974951744080E-003
 LQ_TIMES:    3.0187003314495087E-002   3.1282007694244385E-002   4.1580051183700562E-003
 QR_TIMES:    1.5783999115228653E-002   1.5863001346588135E-002   5.1690042018890381E-003
 LQ_TIMES:    2.3610003292560577E-002   2.6274994015693665E-002   3.7440061569213867E-003
m=10000:n=95
 QR_TIMES:    1.5267999842762947E-002   1.6146000474691391E-002   5.1019974052906036E-003
 LQ_TIMES:    2.2551000118255615E-002   2.6816003024578094E-002   3.8340091705322266E-003
 QR_TIMES:    1.5069000422954559E-002   1.5986997634172440E-002   4.7989971935749054E-003
 LQ_TIMES:    1.8122002482414246E-002   2.0878002047538757E-002   3.9990097284317017E-003
 QR_TIMES:    1.3155000284314156E-002   1.3964001089334488E-002   4.8730000853538513E-003
 LQ_TIMES:    1.8956005573272705E-002   2.0195990800857544E-002   3.9499998092651367E-003
 QR_TIMES:    1.2753000482916832E-002   1.3650998473167419E-002   4.7690011560916901E-003
 LQ_TIMES:    1.6828000545501709E-002   2.0734995603561401E-002   3.8190037012100220E-003
 QR_TIMES:    1.2699002400040627E-002   1.3069000095129013E-002   4.5950002968311310E-003
 LQ_TIMES:    1.9503995776176453E-002   1.9423000514507294E-002   4.0720105171203613E-003
m=10000:n=100
 QR_TIMES:    1.3791002333164215E-002   1.5073999762535095E-002   5.9179998934268951E-003
 LQ_TIMES:    2.0222000777721405E-002   2.5409996509552002E-002   4.6769976615905762E-003
 QR_TIMES:    1.5364998951554298E-002   1.6544003039598465E-002   6.4460039138793945E-003
 LQ_TIMES:    2.4345993995666504E-002   2.5284990668296814E-002   4.7349929809570312E-003
 QR_TIMES:    1.6016999259591103E-002   2.3595999926328659E-002   7.5999945402145386E-003
 LQ_TIMES:    3.3005997538566589E-002   4.4185996055603027E-002   5.3759813308715820E-003
 QR_TIMES:    1.4538997784256935E-002   1.4894999563694000E-002   6.6459998488426208E-003
 LQ_TIMES:    2.3929998278617859E-002   3.2495006918907166E-002   4.4319927692413330E-003
 QR_TIMES:    1.5481999143958092E-002   1.6929000616073608E-002   6.0440003871917725E-003
 LQ_TIMES:    2.9692001640796661E-002   4.6206995844841003E-002   4.6689957380294800E-003
m=10000:n=105
 QR_TIMES:    2.8452001512050629E-002   2.9211997985839844E-002   5.6500062346458435E-003
 LQ_TIMES:    4.1777998208999634E-002   8.5415005683898926E-002   5.1899850368499756E-003
 QR_TIMES:    3.1227998435497284E-002   3.0852004885673523E-002   5.7559981942176819E-003
 LQ_TIMES:    3.9776995778083801E-002   8.1514000892639160E-002   4.8049986362457275E-003
 QR_TIMES:    1.3828998431563377E-002   1.4846000820398331E-002   5.3100064396858215E-003
 LQ_TIMES:    1.8140003085136414E-002   1.9197009503841400E-002   4.7750025987625122E-003
 QR_TIMES:    1.5669001266360283E-002   1.4399997889995575E-002   5.3559988737106323E-003
 LQ_TIMES:    1.8975004553794861E-002   2.4573996663093567E-002   5.1610022783279419E-003
 QR_TIMES:    1.4684999361634254E-002   1.5271000564098358E-002   5.1899999380111694E-003
 LQ_TIMES:    1.8216997385025024E-002   2.0146004855632782E-002   4.7570019960403442E-003
m=10000:n=110
 QR_TIMES:    1.5658000484108925E-002   1.5151001513004303E-002   5.3319968283176422E-003
 LQ_TIMES:    1.7507001757621765E-002   3.0556999146938324E-002   4.7100037336349487E-003
 QR_TIMES:    1.7134999856352806E-002   1.7248000949621201E-002   5.9769973158836365E-003
 LQ_TIMES:    1.9979000091552734E-002   2.2542998194694519E-002   4.9699991941452026E-003
 QR_TIMES:    1.6011999920010567E-002   1.6141001135110855E-002   5.7240054011344910E-003
 LQ_TIMES:    2.0989000797271729E-002   2.2151991724967957E-002   4.9569904804229736E-003
 QR_TIMES:    1.5924999490380287E-002   1.6525998711585999E-002   5.8039948344230652E-003
 LQ_TIMES:    2.0172998309135437E-002   2.2822000086307526E-002   4.9290060997009277E-003
 QR_TIMES:    1.6225000843405724E-002   2.0389001816511154E-002   6.3749998807907104E-003
 LQ_TIMES:    2.1280996501445770E-002   2.5288999080657959E-002   4.9669891595840454E-003
m=10000:n=115
 QR_TIMES:    1.8582999706268311E-002   1.7947003245353699E-002   5.7500004768371582E-003
 LQ_TIMES:    2.6486001908779144E-002   2.7841001749038696E-002   5.2819997072219849E-003
 QR_TIMES:    1.8777001649141312E-002   1.9679002463817596E-002   5.7800039649009705E-003
 LQ_TIMES:    2.3371003568172455E-002   2.7198001742362976E-002   5.3890049457550049E-003
 QR_TIMES:    1.9779998809099197E-002   2.0197004079818726E-002   5.9789940714836121E-003
 LQ_TIMES:    2.2327996790409088E-002   2.8387010097503662E-002   5.3260028362274170E-003
 QR_TIMES:    1.9530002027750015E-002   1.9648998975753784E-002   6.0029998421669006E-003
 LQ_TIMES:    2.3223996162414551E-002   2.9524996876716614E-002   5.3360015153884888E-003
 QR_TIMES:    1.9423000514507294E-002   2.0213998854160309E-002   5.7649984955787659E-003
 LQ_TIMES:    2.1781995892524719E-002   2.7159988880157471E-002   5.4090023040771484E-003
m=10000:n=120
 QR_TIMES:    2.1470999345183372E-002   2.1988999098539352E-002   6.9300010800361633E-003
 LQ_TIMES:    2.3619011044502258E-002   2.9939994215965271E-002   5.3340047597885132E-003
 QR_TIMES:    2.0558999851346016E-002   2.1341998130083084E-002   7.6270028948783875E-003
 LQ_TIMES:    2.5416001677513123E-002   2.9770001769065857E-002   5.4239928722381592E-003
 QR_TIMES:    2.2245001047849655E-002   2.1685000509023666E-002   5.6919977068901062E-003
 LQ_TIMES:    2.5590002536773682E-002   4.0462002158164978E-002   5.2129924297332764E-003
 QR_TIMES:    2.0043000578880310E-002   2.1313004195690155E-002   6.4719989895820618E-003
 LQ_TIMES:    2.2446997463703156E-002   2.6719003915786743E-002   5.2359998226165771E-003
 QR_TIMES:    1.9155999645590782E-002   2.0203001797199249E-002   6.5290033817291260E-003
 LQ_TIMES:    2.1910004317760468E-002   2.6721999049186707E-002   5.2020102739334106E-003
m=10000:n=125
 QR_TIMES:    2.1918000653386116E-002   2.1717000752687454E-002   7.4420049786567688E-003
 LQ_TIMES:    2.6014998555183411E-002   3.1092002987861633E-002   6.2839984893798828E-003
 QR_TIMES:    2.1976999938488007E-002   2.5238003581762314E-002   7.6500028371810913E-003
 LQ_TIMES:    2.5432005524635315E-002   3.3042997121810913E-002   6.3800066709518433E-003
 QR_TIMES:    2.2413998842239380E-002   2.2959999740123749E-002   7.5069963932037354E-003
 LQ_TIMES:    2.6220008730888367E-002   3.9789006114006042E-002   6.4740031957626343E-003
 QR_TIMES:    2.4086002260446548E-002   2.3391999304294586E-002   7.4189975857734680E-003
 LQ_TIMES:    2.7130007743835449E-002   3.3473998308181763E-002   6.6989958286285400E-003
 QR_TIMES:    2.4218998849391937E-002   2.4328999221324921E-002   7.7250003814697266E-003
 LQ_TIMES:    2.6475995779037476E-002   3.4985005855560303E-002   6.7090094089508057E-003
m=10000:n=130
 QR_TIMES:    2.4835998192429543E-002   2.7010001242160797E-002   7.3649957776069641E-003
 LQ_TIMES:    3.3531993627548218E-002   4.3178990483283997E-002   6.8350136280059814E-003
 QR_TIMES:    2.4016998708248138E-002   3.0434999614953995E-002   8.5100010037422180E-003
 LQ_TIMES:    2.9287993907928467E-002   8.7955996394157410E-002   6.1610043048858643E-003
 QR_TIMES:    2.5866001844406128E-002   2.5893997400999069E-002   6.6979974508285522E-003
 LQ_TIMES:    3.0652001500129700E-002   9.8212003707885742E-002   6.8559944629669189E-003
 QR_TIMES:    5.1207996904850006E-002   5.3309001028537750E-002   7.5249969959259033E-003
 LQ_TIMES:    2.9504001140594482E-002   3.2521009445190430E-002   6.4609944820404053E-003
 QR_TIMES:    2.3575998842716217E-002   2.4316996335983276E-002   6.6139996051788330E-003
 LQ_TIMES:    2.6193991303443909E-002   3.5927996039390564E-002   8.0760121345520020E-003
m=10000:n=135
 QR_TIMES:    2.7463998645544052E-002   2.7052998542785645E-002   7.7329948544502258E-003
 LQ_TIMES:    2.7705997228622437E-002   3.9647996425628662E-002   6.5559893846511841E-003
 QR_TIMES:    2.5100998580455780E-002   2.6229001581668854E-002   9.0089961886405945E-003
 LQ_TIMES:    2.6586011052131653E-002   3.7986010313034058E-002   6.7840069532394409E-003
 QR_TIMES:    2.8083000332117081E-002   2.6870995759963989E-002   7.2870030999183655E-003
 LQ_TIMES:    2.7618005871772766E-002   3.8819998502731323E-002   6.5869987010955811E-003
 QR_TIMES:    2.5801001116633415E-002   3.0742000788450241E-002   7.3830038309097290E-003
 LQ_TIMES:    2.7901992201805115E-002   3.8823992013931274E-002   6.5969973802566528E-003
 QR_TIMES:    3.0564000830054283E-002   2.7770996093750000E-002   7.4189975857734680E-003
 LQ_TIMES:    2.9903993010520935E-002   4.2792990803718567E-002   6.6410005092620850E-003
m=10000:n=140
 QR_TIMES:    3.0413996428251266E-002   3.2538995146751404E-002   8.4059983491897583E-003
 LQ_TIMES:    3.0933007597923279E-002   5.1069021224975586E-002   6.9649815559387207E-003
 QR_TIMES:    3.2718997448682785E-002   3.4267999231815338E-002   8.3229988813400269E-003
 LQ_TIMES:    3.2558009028434753E-002   5.6342020630836487E-002   6.9919824600219727E-003
 QR_TIMES:    3.5006001591682434E-002   3.5895004868507385E-002   8.2970038056373596E-003
 LQ_TIMES:    3.5342991352081299E-002   5.8142006397247314E-002   7.1510076522827148E-003
 QR_TIMES:    3.6954000592231750E-002   3.6772005259990692E-002   8.1639960408210754E-003
 LQ_TIMES:    2.9376998543739319E-002   5.4601013660430908E-002   7.6870024204254150E-003
 QR_TIMES:    3.3500999212265015E-002   3.8891002535820007E-002   8.5380002856254578E-003
 LQ_TIMES:    3.3505007624626160E-002   6.9609999656677246E-002   7.0239901542663574E-003
m=10000:n=145
 QR_TIMES:    3.5414997488260269E-002   3.2992005348205566E-002   8.6209923028945923E-003
 LQ_TIMES:    3.2453998923301697E-002   5.9404999017715454E-002   8.1879794597625732E-003
 QR_TIMES:    3.1998001039028168E-002   3.1938999891281128E-002   8.7789967656135559E-003
 LQ_TIMES:    3.6522001028060913E-002   8.1432014703750610E-002   8.1909894943237305E-003
 QR_TIMES:    3.6978997290134430E-002   3.4079000353813171E-002   1.0764002799987793E-002
 LQ_TIMES:    3.9861992001533508E-002  0.19098700582981110        9.5309615135192871E-003
 QR_TIMES:    3.4112002700567245E-002   4.2024001479148865E-002   8.1800073385238647E-003
 LQ_TIMES:    5.2780985832214355E-002  0.15688899159431458        8.3820223808288574E-003
 QR_TIMES:    6.7212998867034912E-002   6.6184997558593750E-002   8.5870027542114258E-003
 LQ_TIMES:    5.6167006492614746E-002  0.12500700354576111        8.3389878273010254E-003
m=10000:n=150
 QR_TIMES:    3.0515998601913452E-002   3.0282996594905853E-002   7.9749971628189087E-003
 LQ_TIMES:    3.1079992651939392E-002   5.1402002573013306E-002   8.0649852752685547E-003
 QR_TIMES:    3.2721001654863358E-002   3.0976004898548126E-002   8.5479989647865295E-003
 LQ_TIMES:    2.7806997299194336E-002   7.0562988519668579E-002   7.7390074729919434E-003
 QR_TIMES:    3.3579997718334198E-002   3.4266002476215363E-002   8.7609961628913879E-003
 LQ_TIMES:    3.2434999942779541E-002   7.3095992207527161E-002   8.0159902572631836E-003
 QR_TIMES:    3.2148998230695724E-002   3.3177003264427185E-002   8.7089985609054565E-003
 LQ_TIMES:    3.6992996931076050E-002   5.9031993150711060E-002   8.0559849739074707E-003
 QR_TIMES:    3.8587000221014023E-002   3.6886997520923615E-002   8.7969899177551270E-003
 LQ_TIMES:    3.5056009888648987E-002   5.3876996040344238E-002   8.1920027732849121E-003
m=10000:n=155
 QR_TIMES:    4.4158998876810074E-002   4.2486995458602905E-002   9.4189941883087158E-003
 LQ_TIMES:    3.4786999225616455E-002  0.10967099666595459        8.5850059986114502E-003
 QR_TIMES:    4.9564000219106674E-002   3.9672993123531342E-002   1.0769009590148926E-002
 LQ_TIMES:    4.1267007589340210E-002  0.14249798655509949        8.8930130004882812E-003
 QR_TIMES:    4.5079000294208527E-002   4.6280004084110260E-002   1.0513991117477417E-002
 LQ_TIMES:    3.4630984067916870E-002   9.1637998819351196E-002   8.1779956817626953E-003
 QR_TIMES:    3.5144999623298645E-002   3.7032999098300934E-002   8.7649971246719360E-003
 LQ_TIMES:    3.4845992922782898E-002   8.3456993103027344E-002   8.2780122756958008E-003
 QR_TIMES:    3.4841001033782959E-002   3.6829002201557159E-002   9.3489959836006165E-003
 LQ_TIMES:    3.6295995116233826E-002   7.7582001686096191E-002   8.7580084800720215E-003
m=10000:n=160
 QR_TIMES:    4.6374998986721039E-002   4.9448989331722260E-002   1.0053008794784546E-002
 LQ_TIMES:    5.3838998079299927E-002  0.13542398810386658        8.8469982147216797E-003
 QR_TIMES:    5.4643001407384872E-002   4.7183007001876831E-002   1.0342001914978027E-002
 LQ_TIMES:    5.0622999668121338E-002  0.13034901022911072        8.9139640331268311E-003
 QR_TIMES:    5.5137999355792999E-002   5.3988002240657806E-002   1.0526999831199646E-002
 LQ_TIMES:    4.1280001401901245E-002  0.14041000604629517        8.8710188865661621E-003
 QR_TIMES:    9.1136999428272247E-002   9.1667994856834412E-002   9.6870064735412598E-003
 LQ_TIMES:    3.3224999904632568E-002   4.4661998748779297E-002   8.2650184631347656E-003
 QR_TIMES:    3.9925996214151382E-002   3.9958998560905457E-002   9.6689909696578979E-003
 LQ_TIMES:    4.0343999862670898E-002   6.7276000976562500E-002   8.3549916744232178E-003
m=10000:n=165
 QR_TIMES:    4.2780000716447830E-002   4.5068003237247467E-002   1.0011002421379089E-002
 LQ_TIMES:    3.4418001770973206E-002   7.3466986417770386E-002   8.7929964065551758E-003
 QR_TIMES:    4.4212996959686279E-002   4.4196993112564087E-002   1.0352998971939087E-002
 LQ_TIMES:    3.8102999329566956E-002   7.1740001440048218E-002   8.4089934825897217E-003
 QR_TIMES:    4.9192000180482864E-002   4.5808002352714539E-002   9.9940001964569092E-003
 LQ_TIMES:    3.8728997111320496E-002   8.9201986789703369E-002   8.6590051651000977E-003
 QR_TIMES:    5.4790001362562180E-002   5.7553991675376892E-002   1.0694995522499084E-002
 LQ_TIMES:    4.2787000536918640E-002  0.16923499107360840        8.9089870452880859E-003
 QR_TIMES:    5.3668998181819916E-002   5.3805992007255554E-002   1.0391995310783386E-002
 LQ_TIMES:    4.0247008204460144E-002  0.12807199358940125        9.0439915657043457E-003
m=10000:n=170
 QR_TIMES:    6.1831004917621613E-002   6.1530992388725281E-002   1.0600998997688293E-002
 LQ_TIMES:    4.4711023569107056E-002  0.18417596817016602        1.1334955692291260E-002
 QR_TIMES:    5.6136995553970337E-002   5.6439995765686035E-002   1.1183992028236389E-002
 LQ_TIMES:    4.6393007040023804E-002  0.18660196661949158        1.0039031505584717E-002
 QR_TIMES:    5.9572003781795502E-002   5.8488003909587860E-002   1.4248996973037720E-002
 LQ_TIMES:    5.1721006631851196E-002  0.18127602338790894        1.0129034519195557E-002
 QR_TIMES:    8.4095999598503113E-002   9.8495006561279297E-002   1.0964006185531616E-002
 LQ_TIMES:    8.0632030963897705E-002  0.23556900024414062        1.0416984558105469E-002
 QR_TIMES:    4.0132004767656326E-002   3.8813002407550812E-002   9.6779912710189819E-003
 LQ_TIMES:    3.7066012620925903E-002   9.5296010375022888E-002   1.0716021060943604E-002
m=10000:n=175
 QR_TIMES:    4.5849997550249100E-002   4.2691998183727264E-002   1.0627001523971558E-002
 LQ_TIMES:    4.0387988090515137E-002  0.15977099537849426        9.9520087242126465E-003
 QR_TIMES:    5.4166998714208603E-002   5.3596995770931244E-002   1.1417999863624573E-002
 LQ_TIMES:    4.9095004796981812E-002  0.16956996917724609        1.0208010673522949E-002
 QR_TIMES:    5.9132002294063568E-002   6.7995004355907440E-002   1.1428013443946838E-002
 LQ_TIMES:    4.7113001346588135E-002  0.20266702771186829        1.0488986968994141E-002
 QR_TIMES:    6.3818000257015228E-002   6.8703994154930115E-002   1.2205004692077637E-002
 LQ_TIMES:    4.9650013446807861E-002  0.25689998269081116        1.0587990283966064E-002
 QR_TIMES:    6.5840005874633789E-002   5.6899003684520721E-002   1.1047005653381348E-002
 LQ_TIMES:    4.1813999414443970E-002  0.12798500061035156        1.0005056858062744E-002
m=10000:n=180
 QR_TIMES:    5.8182999491691589E-002   6.4818993210792542E-002   1.1793002486228943E-002
 LQ_TIMES:    5.0799995660781860E-002  0.21017000079154968        1.0465979576110840E-002
 QR_TIMES:    7.4208997189998627E-002   7.8813999891281128E-002   1.2794002890586853E-002
 LQ_TIMES:    4.9753010272979736E-002  0.20242902636528015        1.0972023010253906E-002
 QR_TIMES:    7.7131003141403198E-002   7.9699993133544922E-002   1.3110995292663574E-002
 LQ_TIMES:    5.1593005657196045E-002  0.19865301251411438        1.0446012020111084E-002
 QR_TIMES:   0.11791999638080597       0.11731801927089691        1.1714994907379150E-002
 LQ_TIMES:    4.0630012750625610E-002   6.9425970315933228E-002   1.0725021362304688E-002
 QR_TIMES:    5.1270000636577606E-002   5.4049000144004822E-002   1.0986000299453735E-002
 LQ_TIMES:    4.1579008102416992E-002   9.7456991672515869E-002   1.0474026203155518E-002
m=10000:n=185
 QR_TIMES:    7.0762999355792999E-002   6.1748996376991272E-002   1.2049004435539246E-002
 LQ_TIMES:    4.3222993612289429E-002  0.11251899600028992        1.1604011058807373E-002
 QR_TIMES:    7.3495000600814819E-002   7.1440003812313080E-002   1.1812001466751099E-002
 LQ_TIMES:    4.7550976276397705E-002  0.13960900902748108        1.0299980640411377E-002
 QR_TIMES:    6.6451996564865112E-002   7.8234001994132996E-002   1.2593999505043030E-002
 LQ_TIMES:    5.3239017724990845E-002  0.24445599317550659        1.0900974273681641E-002
 QR_TIMES:    8.8885992765426636E-002   9.2237994074821472E-002   1.3043999671936035E-002
 LQ_TIMES:    5.6217998266220093E-002  0.23848000168800354        1.1786997318267822E-002
 QR_TIMES:    9.6480995416641235E-002   8.8954001665115356E-002   1.3762980699539185E-002
 LQ_TIMES:    4.8345983028411865E-002  0.22346496582031250        1.1081993579864502E-002
m=10000:n=190
 QR_TIMES:   0.10925799608230591        9.8669990897178650E-002   1.3920009136199951E-002
 LQ_TIMES:    6.2466025352478027E-002  0.25126999616622925        1.1628985404968262E-002
 QR_TIMES:   0.12896099686622620       0.13492098450660706        1.2881010770797729E-002
 LQ_TIMES:    8.6026012897491455E-002  0.23016697168350220        1.0794997215270996E-002
 QR_TIMES:    6.0557998716831207E-002   6.9838993251323700E-002   1.2740999460220337E-002
 LQ_TIMES:    4.8519998788833618E-002  0.12226501107215881        1.0670006275177002E-002
 QR_TIMES:    7.7157996594905853E-002   7.3034003376960754E-002   1.2527003884315491E-002
 LQ_TIMES:    4.9621015787124634E-002  0.21720302104949951        1.0749042034149170E-002
 QR_TIMES:    9.1127991676330566E-002   8.9343994855880737E-002   1.5423983335494995E-002
 LQ_TIMES:    5.0926983356475830E-002  0.27967700362205505        1.1418998241424561E-002
m=10000:n=195
 QR_TIMES:   0.11258299648761749       0.11082199215888977        1.4665991067886353E-002
 LQ_TIMES:    5.4592996835708618E-002  0.32033497095108032        1.1591970920562744E-002
 QR_TIMES:    8.2900993525981903E-002   8.1366002559661865E-002   1.3134002685546875E-002
 LQ_TIMES:    5.2594989538192749E-002  0.21832799911499023        1.2202024459838867E-002
 QR_TIMES:    9.6284002065658569E-002   9.5283001661300659E-002   1.4024972915649414E-002
 LQ_TIMES:    5.3788006305694580E-002  0.31980299949645996        1.3532996177673340E-002
 QR_TIMES:   0.11198099702596664       0.11382700502872467        1.5567988157272339E-002
 LQ_TIMES:    5.8472990989685059E-002  0.31356596946716309        1.3675987720489502E-002
 QR_TIMES:   0.11955099552869797       0.14287900924682617        1.3839006423950195E-002
 LQ_TIMES:    8.0845952033996582E-002  0.10313701629638672        1.2466013431549072E-002
m=10000:n=200
 QR_TIMES:    7.3841996490955353E-002   7.5868003070354462E-002   1.3466998934745789E-002
 LQ_TIMES:    4.6029001474380493E-002  0.13194999098777771        1.2215971946716309E-002
 QR_TIMES:    7.5984001159667969E-002   7.6781004667282104E-002   1.3688996434211731E-002
 LQ_TIMES:    4.7577023506164551E-002  0.15212401747703552        1.3818979263305664E-002
 QR_TIMES:   0.10060000419616699        9.8324999213218689E-002   1.3922989368438721E-002
 LQ_TIMES:    5.6109994649887085E-002  0.24516201019287109        1.2639999389648438E-002
 QR_TIMES:    9.4631001353263855E-002   9.6410989761352539E-002   1.3799011707305908E-002
 LQ_TIMES:    5.2989006042480469E-002  0.26967597007751465        1.2592017650604248E-002
 QR_TIMES:   0.11344200372695923       0.11371900141239166        1.4270991086959839E-002
 LQ_TIMES:    5.3059995174407959E-002  0.25762000679969788        1.3500988483428955E-002
m=10000:n=205
 QR_TIMES:   0.12117100507020950       0.12512701749801636        1.6290992498397827E-002
 LQ_TIMES:    6.1709016561508179E-002  0.38771200180053711        1.2724041938781738E-002
 QR_TIMES:   0.13093999028205872       0.14899100363254547        1.5356004238128662E-002
 LQ_TIMES:   0.10651099681854248       0.33319604396820068        1.2918949127197266E-002
 QR_TIMES:    7.9046994447708130E-002   9.4553992152214050E-002   1.5103995800018311E-002
 LQ_TIMES:    5.3429007530212402E-002  0.14555600285530090        1.3129055500030518E-002
 QR_TIMES:    9.1142997145652771E-002   9.1476008296012878E-002   1.4984995126724243E-002
 LQ_TIMES:    6.0767978429794312E-002  0.28766497969627380        1.3614952564239502E-002
 QR_TIMES:   0.10679600387811661       0.10783401131629944        1.6612976789474487E-002
 LQ_TIMES:    5.9668987989425659E-002  0.27055603265762329        1.3422966003417969E-002
m=10000:n=210
 QR_TIMES:   0.13567800819873810       0.13960699737071991        1.6003012657165527E-002
 LQ_TIMES:    5.7740986347198486E-002  0.25691998004913330        1.2718021869659424E-002
 QR_TIMES:   0.10653700679540634       0.11149899661540985        1.5177994966506958E-002
 LQ_TIMES:    6.0112029314041138E-002  0.30786001682281494        1.3467013835906982E-002
 QR_TIMES:   0.12383000552654266       0.13429899513721466        1.6184002161026001E-002
 LQ_TIMES:    6.0630977153778076E-002  0.37865698337554932        1.2310028076171875E-002
 QR_TIMES:   0.12276799976825714       0.14275598526000977        1.6005992889404297E-002
 LQ_TIMES:    9.6603035926818848E-002  0.14104199409484863        1.3525962829589844E-002
 QR_TIMES:    8.9730992913246155E-002   9.3544006347656250E-002   1.4742016792297363E-002
 LQ_TIMES:    5.0817996263504028E-002  0.19158697128295898        1.3876974582672119E-002
m=10000:n=215
 QR_TIMES:    9.5667004585266113E-002   9.6468999981880188E-002   1.5073001384735107E-002
 LQ_TIMES:    5.4105997085571289E-002  0.25068399310112000        1.3216018676757812E-002
 QR_TIMES:   0.11232999712228775       0.11345900595188141        1.6189008951187134E-002
 LQ_TIMES:    6.1462998390197754E-002  0.35508400201797485        1.4451980590820312E-002
 QR_TIMES:   0.14418399333953857       0.14619800448417664        1.6544997692108154E-002
 LQ_TIMES:    6.1268985271453857E-002  0.32809996604919434        1.3886094093322754E-002
 QR_TIMES:   0.12843699753284454       0.17243400216102600        1.8635988235473633E-002
 LQ_TIMES:    7.4606001377105713E-002  0.36932700872421265        1.3991951942443848E-002
 QR_TIMES:   0.17435599863529205       0.18392398953437805        1.6466975212097168E-002
 LQ_TIMES:    9.9564015865325928E-002  0.19364094734191895        1.5398025512695312E-002
m=10000:n=220
 QR_TIMES:   0.10525698959827423       0.10424299538135529        1.5812993049621582E-002
 LQ_TIMES:    5.7348996400833130E-002  0.27027198672294617        1.4458000659942627E-002
 QR_TIMES:   0.13093599677085876       0.12626700103282928        1.6959995031356812E-002
 LQ_TIMES:    7.0647001266479492E-002  0.35470896959304810        1.6886949539184570E-002
 QR_TIMES:   0.16716200113296509       0.15141700208187103        1.7437011003494263E-002
 LQ_TIMES:    6.6464006900787354E-002  0.37019592523574829        1.4286041259765625E-002
 QR_TIMES:   0.12064099311828613       0.12075401842594147        1.6030997037887573E-002
 LQ_TIMES:    6.2965005636215210E-002  0.34928601980209351        1.5251040458679199E-002
 QR_TIMES:   0.16143099963665009       0.20177400112152100        1.8082022666931152E-002
 LQ_TIMES:    6.2017977237701416E-002  0.43978601694107056        1.3915896415710449E-002
m=10000:n=225
 QR_TIMES:   0.13399499654769897       0.17040799558162689        1.7300009727478027E-002
 LQ_TIMES:   0.10350298881530762       0.15708100795745850        1.5411019325256348E-002
 QR_TIMES:   0.10652100294828415       0.10835300385951996        1.6911000013351440E-002
 LQ_TIMES:    6.1298012733459473E-002  0.22074496746063232        1.5601992607116699E-002
 QR_TIMES:   0.12038099765777588       0.11171700060367584        1.6322016716003418E-002
 LQ_TIMES:    6.0813009738922119E-002  0.30290296673774719        1.5972018241882324E-002
 QR_TIMES:   0.14385600388050079       0.15907698869705200        1.7721980810165405E-002
 LQ_TIMES:    7.5765013694763184E-002  0.41556507349014282        1.6160011291503906E-002
 QR_TIMES:   0.14721199870109558       0.15044301748275757        1.7165005207061768E-002
 LQ_TIMES:    6.5046012401580811E-002  0.36275100708007812        1.5614986419677734E-002
m=10000:n=230
 QR_TIMES:   0.20038402080535889       0.22766098380088806        1.6068994998931885E-002
 LQ_TIMES:    9.5236003398895264E-002  0.43150001764297485        1.6006112098693848E-002
 QR_TIMES:   0.13150200247764587        9.3621000647544861E-002   1.8607020378112793E-002
 LQ_TIMES:    6.1065018177032471E-002  0.20662099123001099        1.4991998672485352E-002
 QR_TIMES:   0.13041299581527710       0.13124199211597443        1.7874002456665039E-002
 LQ_TIMES:    7.2350025177001953E-002  0.41376900672912598        1.5707969665527344E-002
 QR_TIMES:   0.16826099157333374       0.17766501009464264        1.8841981887817383E-002
 LQ_TIMES:    6.7740023136138916E-002  0.44335597753524780        1.6577959060668945E-002
 QR_TIMES:   0.13563600182533264       0.13510899245738983        1.7729014158248901E-002
 LQ_TIMES:    7.0088982582092285E-002  0.36193001270294189        1.5662074089050293E-002
m=10000:n=235
 QR_TIMES:   0.15766599774360657       0.17607998847961426        1.9026994705200195E-002
 LQ_TIMES:    7.2968006134033203E-002  0.49290299415588379        1.6975998878479004E-002
 QR_TIMES:   0.17495499551296234       0.21320199966430664        1.9335985183715820E-002
 LQ_TIMES:    8.7191998958587646E-002  0.21492803096771240        1.6162991523742676E-002
 QR_TIMES:   0.11965000629425049       0.12398901581764221        1.7123013734817505E-002
 LQ_TIMES:    6.0170978307723999E-002  0.25694501399993896        1.5504002571105957E-002
 QR_TIMES:   0.14536699652671814       0.15161100029945374        2.0472973585128784E-002
 LQ_TIMES:    8.3244979381561279E-002  0.40157794952392578        1.8340945243835449E-002
 QR_TIMES:   0.18786101043224335       0.17214900255203247        1.9128978252410889E-002
 LQ_TIMES:    7.3132991790771484E-002  0.42869305610656738        1.5820026397705078E-002
m=10000:n=240
 QR_TIMES:   0.16707199811935425       0.17879399657249451        1.9123017787933350E-002
 LQ_TIMES:    8.4963023662567139E-002  0.47834795713424683        1.7163038253784180E-002
 QR_TIMES:   0.22102801501750946       0.22202602028846741        1.9011974334716797E-002
 LQ_TIMES:    8.5087954998016357E-002  0.19037699699401855        1.7043948173522949E-002
 QR_TIMES:   0.12628400325775146       0.13587199151515961        1.8281996250152588E-002
 LQ_TIMES:    7.2857975959777832E-002  0.36521595716476440        1.6903996467590332E-002
 QR_TIMES:   0.21279300749301910       0.21014997363090515        1.9976973533630371E-002
 LQ_TIMES:    8.0666005611419678E-002  0.40837097167968750        1.7979979515075684E-002
 QR_TIMES:   0.22959101200103760       0.18821200728416443        1.8157005310058594E-002
 LQ_TIMES:    7.2122037410736084E-002  0.37956595420837402        1.5483021736145020E-002
m=10000:n=245
 QR_TIMES:   0.20064200460910797       0.21006101369857788        2.1603047847747803E-002
 LQ_TIMES:    7.8109979629516602E-002  0.50710296630859375        1.8903017044067383E-002
 QR_TIMES:   0.19077000021934509       0.20208498835563660        2.3360967636108398E-002
 LQ_TIMES:    9.2698991298675537E-002  0.25679802894592285        1.9128918647766113E-002
 QR_TIMES:   0.13607299327850342       0.14769400656223297        1.9997000694274902E-002
 LQ_TIMES:    7.0399999618530273E-002  0.32236802577972412        1.7985939979553223E-002
 QR_TIMES:   0.16114300489425659       0.15542399883270264        2.0134001970291138E-002
 LQ_TIMES:    8.4466040134429932E-002  0.50332105159759521        1.8840074539184570E-002
 QR_TIMES:   0.18885999917984009       0.18955799937248230        2.0064949989318848E-002
 LQ_TIMES:    8.5798025131225586E-002  0.48141199350357056        1.9462108612060547E-002
m=10000:n=250
 QR_TIMES:   0.26762002706527710       0.22192397713661194        2.2031962871551514E-002
 LQ_TIMES:   0.12371599674224854       0.49589097499847412        2.0173072814941406E-002
 QR_TIMES:   0.12602399289608002       0.14926300942897797        1.9978016614913940E-002
 LQ_TIMES:    6.5425992012023926E-002  0.45704299211502075        1.8831968307495117E-002
 QR_TIMES:   0.19615697860717773       0.19834798574447632        2.1348953247070312E-002
 LQ_TIMES:    7.3936998844146729E-002  0.46735590696334839        1.9969940185546875E-002
 QR_TIMES:   0.24079000949859619       0.19956102967262268        1.9594967365264893E-002
 LQ_TIMES:    7.0753991603851318E-002  0.41898000240325928        1.8471002578735352E-002
 QR_TIMES:   0.19917598366737366       0.20538300275802612        2.2246003150939941E-002
 LQ_TIMES:    7.7977001667022705E-002  0.53754800558090210        1.8640041351318359E-002
m=10000:n=255
 QR_TIMES:   0.19706900417804718       0.25578203797340393        2.3296952247619629E-002
 LQ_TIMES:    8.7577044963836670E-002  0.34379804134368896        2.0568132400512695E-002
 QR_TIMES:   0.16081599891185760       0.15300799906253815        2.1679013967514038E-002
 LQ_TIMES:    9.1382026672363281E-002  0.42035603523254395        2.1636962890625000E-002
 QR_TIMES:   0.21564598381519318       0.22218000888824463        2.2404015064239502E-002
 LQ_TIMES:   0.10864597558975220       0.54122906923294067        2.0886898040771484E-002
 QR_TIMES:   0.19845098257064819       0.18985798954963684        2.1665036678314209E-002
 LQ_TIMES:    9.4969987869262695E-002  0.61193102598190308        2.0472049713134766E-002
 QR_TIMES:   0.26039701700210571       0.28539898991584778        2.3428976535797119E-002
 LQ_TIMES:    8.0731034278869629E-002  0.33487391471862793        2.0626068115234375E-002
m=10000:n=260
 QR_TIMES:   0.19266299903392792       0.18833598494529724        2.2226989269256592E-002
 LQ_TIMES:    7.8601956367492676E-002  0.51246500015258789        1.9716978073120117E-002
 QR_TIMES:   0.24685399234294891       0.25198501348495483        2.3533046245574951E-002
 LQ_TIMES:    9.4817996025085449E-002  0.54232603311538696        1.9644975662231445E-002
 QR_TIMES:   0.22681701183319092       0.24341598153114319        2.3280024528503418E-002
 LQ_TIMES:    8.7984979152679443E-002  0.52591496706008911        2.0285964012145996E-002
 QR_TIMES:   0.27209198474884033       0.26104900240898132        2.1143972873687744E-002
 LQ_TIMES:   0.10957199335098267       0.48010796308517456        2.1486043930053711E-002
 QR_TIMES:   0.17085501551628113       0.17064799368381500        2.1989017724990845E-002
 LQ_TIMES:    7.5052976608276367E-002  0.34621703624725342        1.8599033355712891E-002
m=10000:n=265
 QR_TIMES:   0.18359100818634033       0.19107899069786072        2.3575007915496826E-002
 LQ_TIMES:    8.2605004310607910E-002  0.53267598152160645        2.3365974426269531E-002
 QR_TIMES:   0.22508098185062408       0.22809401154518127        2.3894011974334717E-002
 LQ_TIMES:    8.5003972053527832E-002  0.51848196983337402        2.1637082099914551E-002
 QR_TIMES:   0.23409299552440643       0.31068396568298340        2.5101959705352783E-002
 LQ_TIMES:    9.9057018756866455E-002  0.51941299438476562        2.3341059684753418E-002
 QR_TIMES:   0.19893001019954681       0.15952301025390625        2.5490999221801758E-002
 LQ_TIMES:    7.2322010993957520E-002  0.39528900384902954        2.4088025093078613E-002
 QR_TIMES:   0.28137901425361633       0.23145899176597595        2.4519979953765869E-002
 LQ_TIMES:    8.1398010253906250E-002  0.56663507223129272        2.5189042091369629E-002
m=10000:n=270
 QR_TIMES:   0.27436798810958862       0.24408200383186340        2.4733006954193115E-002
 LQ_TIMES:    9.9453985691070557E-002  0.53151500225067139        2.2552967071533203E-002
 QR_TIMES:   0.26121199131011963       0.29464900493621826        2.5427997112274170E-002
 LQ_TIMES:    8.5763037204742432E-002  0.54670709371566772        2.4880886077880859E-002
 QR_TIMES:   0.25475099682807922       0.15159496665000916        2.3579001426696777E-002
 LQ_TIMES:    7.9422950744628906E-002  0.33022999763488770        2.3963928222656250E-002
 QR_TIMES:   0.19421300292015076       0.19955700635910034        2.3665010929107666E-002
 LQ_TIMES:    8.2799971103668213E-002  0.47688698768615723        2.2192001342773438E-002
 QR_TIMES:   0.22674497961997986       0.24329802393913269        2.4980962276458740E-002
 LQ_TIMES:    8.5497021675109863E-002  0.53852200508117676        2.1704912185668945E-002
m=10000:n=275
 QR_TIMES:   0.23876398801803589       0.24397701025009155        2.4933993816375732E-002
 LQ_TIMES:    9.7953021526336670E-002  0.59707897901535034        2.3410081863403320E-002
 QR_TIMES:   0.30701199173927307       0.29478698968887329        2.4893999099731445E-002
 LQ_TIMES:    7.0915043354034424E-002  0.28340506553649902        2.2136926651000977E-002
 QR_TIMES:   0.23421299457550049       0.21601599454879761        2.4114966392517090E-002
 LQ_TIMES:    9.1047048568725586E-002  0.60308903455734253        2.5074958801269531E-002
 QR_TIMES:   0.29426401853561401       0.30073401331901550        2.5696992874145508E-002
 LQ_TIMES:    8.3473026752471924E-002  0.44089305400848389        2.1187067031860352E-002
 QR_TIMES:   0.25065699219703674       0.26862502098083496        2.7323961257934570E-002
 LQ_TIMES:    8.7251007556915283E-002  0.63409996032714844        2.2596001625061035E-002
m=10000:n=280
 QR_TIMES:   0.26607400178909302       0.29853901267051697        2.6163995265960693E-002
 LQ_TIMES:    7.5359046459197998E-002  0.28734302520751953        2.2328972816467285E-002
 QR_TIMES:   0.19739200174808502       0.19333097338676453        2.5551021099090576E-002
 LQ_TIMES:    7.7337026596069336E-002  0.46401602029800415        2.2206068038940430E-002
 QR_TIMES:   0.21954101324081421       0.23359498381614685        2.5229036808013916E-002
 LQ_TIMES:    9.4463050365447998E-002  0.58578503131866455        2.2323966026306152E-002
 QR_TIMES:   0.25662600994110107       0.24644801020622253        2.4812042713165283E-002
 LQ_TIMES:    8.7044000625610352E-002  0.64946609735488892        2.3299932479858398E-002
 QR_TIMES:   0.30637800693511963       0.30689302086830139        2.6362001895904541E-002
 LQ_TIMES:    8.6513042449951172E-002  0.28480696678161621        2.2022008895874023E-002
m=10000:n=285
 QR_TIMES:   0.24551199376583099       0.23785102367401123        2.5537967681884766E-002
 LQ_TIMES:    9.1704010963439941E-002  0.58516407012939453        2.4556040763854980E-002
 QR_TIMES:   0.32550600171089172       0.30801200866699219        2.7576982975006104E-002
 LQ_TIMES:   0.10681402683258057       0.51901495456695557        2.3622035980224609E-002
 QR_TIMES:   0.28018799424171448       0.26699700951576233        2.6077032089233398E-002
 LQ_TIMES:    9.3852043151855469E-002  0.67311894893646240        2.2173881530761719E-002
 QR_TIMES:   0.29119098186492920       0.33194896578788757        2.4610042572021484E-002
 LQ_TIMES:    7.6165020465850830E-002  0.33881092071533203        2.4955987930297852E-002
 QR_TIMES:   0.21020700037479401       0.20318499207496643        2.5406002998352051E-002
 LQ_TIMES:    8.6469948291778564E-002  0.48430401086807251        2.3136019706726074E-002
m=10000:n=290
 QR_TIMES:   0.27338999509811401       0.28501200675964355        2.8198003768920898E-002
 LQ_TIMES:   0.10088902711868286       0.62437403202056885        2.4147987365722656E-002
 QR_TIMES:   0.28235098719596863       0.29094597697257996        2.6274979114532471E-002
 LQ_TIMES:   0.11106598377227783       0.56342697143554688        2.5527000427246094E-002
 QR_TIMES:   0.32070499658584595       0.21569302678108215        2.7980029582977295E-002
 LQ_TIMES:    8.7770044803619385E-002  0.52219998836517334        2.5970101356506348E-002
 QR_TIMES:   0.29897302389144897       0.30454501509666443        2.8913021087646484E-002
 LQ_TIMES:    9.3308031558990479E-002  0.66041398048400879        2.5154113769531250E-002
 QR_TIMES:   0.24995100498199463       0.25045597553253174        2.6903986930847168E-002
 LQ_TIMES:    9.5570027828216553E-002  0.64064097404479980        2.5308966636657715E-002
m=10000:n=295
 QR_TIMES:   0.32016900181770325       0.33969801664352417        2.8033018112182617E-002
 LQ_TIMES:    8.7593913078308105E-002  0.60675203800201416        2.4688005447387695E-002
 QR_TIMES:   0.20924700796604156       0.21654498577117920        2.6576995849609375E-002
 LQ_TIMES:    8.3146989345550537E-002  0.39868003129959106        2.3228049278259277E-002
 QR_TIMES:   0.24123600125312805       0.24653601646423340        2.6751995086669922E-002
 LQ_TIMES:    9.4387948513031006E-002  0.58814394474029541        2.6673078536987305E-002
 QR_TIMES:   0.30746701359748840       0.29276201128959656        2.8848052024841309E-002
 LQ_TIMES:    9.9799036979675293E-002  0.69430804252624512        2.4194002151489258E-002
 QR_TIMES:   0.31606799364089966       0.34855002164840698        2.7534961700439453E-002
 LQ_TIMES:   0.10704100131988525       0.32460296154022217        2.3775100708007812E-002
m=10000:n=300
 QR_TIMES:   0.28363001346588135       0.26890203356742859        2.7476012706756592E-002
 LQ_TIMES:    9.5019042491912842E-002  0.66887307167053223        2.5924086570739746E-002
 QR_TIMES:   0.34580099582672119       0.37083899974822998        2.9567956924438477E-002
 LQ_TIMES:    9.7454071044921875E-002  0.60140395164489746        2.8845787048339844E-002
 QR_TIMES:   0.35934498906135559       0.32944902777671814        2.8084993362426758E-002
 LQ_TIMES:   0.10153102874755859       0.68193805217742920        2.6096105575561523E-002
 QR_TIMES:   0.30556201934814453       0.20388999581336975        2.7019023895263672E-002
 LQ_TIMES:    8.5188984870910645E-002  0.39591997861862183        2.5241971015930176E-002
 QR_TIMES:   0.24264799058437347       0.27516603469848633        2.6861011981964111E-002
 LQ_TIMES:    9.5338046550750732E-002  0.63371700048446655        2.5992035865783691E-002
m=10000:n=305
 QR_TIMES:   0.32724499702453613       0.31385901570320129        2.8881013393402100E-002
 LQ_TIMES:    9.9482059478759766E-002  0.68402206897735596        2.5910854339599609E-002
 QR_TIMES:   0.31112897396087646       0.36076098680496216        2.8001964092254639E-002
 LQ_TIMES:   0.14235794544219971       0.36869299411773682        2.4891018867492676E-002
 QR_TIMES:   0.29182600975036621       0.28416499495506287        3.2416045665740967E-002
 LQ_TIMES:   0.10585695505142212       0.72486400604248047        2.6418924331665039E-002
 QR_TIMES:   0.36441001296043396       0.37206596136093140        2.7535974979400635E-002
 LQ_TIMES:    9.2206001281738281E-002  0.63182508945465088        2.5131225585937500E-002
 QR_TIMES:   0.34330698847770691       0.35663801431655884        2.9834032058715820E-002
 LQ_TIMES:   0.11133503913879395       0.67242109775543213        2.6685953140258789E-002
m=10000:n=310
 QR_TIMES:   0.21379898488521576       0.24147298932075500        2.8837025165557861E-002
 LQ_TIMES:    8.8569998741149902E-002  0.44526499509811401        2.3707032203674316E-002
 QR_TIMES:   0.27223798632621765       0.28281900286674500        3.0988991260528564E-002
 LQ_TIMES:   0.11136001348495483       0.71637105941772461        2.7233839035034180E-002
 QR_TIMES:   0.32559999823570251       0.32090798020362854        2.9057025909423828E-002
 LQ_TIMES:   0.10149097442626953       0.74838304519653320        2.7828931808471680E-002
 QR_TIMES:   0.38042199611663818       0.36267900466918945        2.6691019535064697E-002
 LQ_TIMES:    8.7331891059875488E-002  0.42520904541015625        2.4019956588745117E-002
 QR_TIMES:   0.30882799625396729       0.31516498327255249        2.9635012149810791E-002
 LQ_TIMES:    9.8145961761474609E-002  0.82225799560546875        2.5931835174560547E-002
m=10000:n=315
 QR_TIMES:   0.32108500599861145       0.30037397146224976        2.9281973838806152E-002
 LQ_TIMES:   0.11070704460144043       0.75055503845214844        3.1971931457519531E-002
 QR_TIMES:   0.43378797173500061       0.36776500940322876        3.3572077751159668E-002
 LQ_TIMES:   0.12018704414367676       0.38948988914489746        2.8563976287841797E-002
 QR_TIMES:   0.26792201399803162       0.26146596670150757        2.8008997440338135E-002
 LQ_TIMES:   0.10132998228073120       0.59163594245910645        2.7703046798706055E-002
 QR_TIMES:   0.36934199929237366       0.34886202216148376        2.8844952583312988E-002
 LQ_TIMES:   0.10301005840301514       0.73545300960540771        2.7553081512451172E-002
 QR_TIMES:   0.48481196165084839       0.28438699245452881        2.9066979885101318E-002
 LQ_TIMES:   0.16486787796020508       0.54151308536529541        2.7697801589965820E-002
m=10000:n=320
 QR_TIMES:   0.26488399505615234       0.34607902169227600        3.2639026641845703E-002
 LQ_TIMES:   0.13556599617004395       0.79401910305023193        2.8393030166625977E-002
 QR_TIMES:   0.41424801945686340       0.34328699111938477        2.8349995613098145E-002
 LQ_TIMES:   0.12924492359161377       0.78666305541992188        3.0277013778686523E-002
 QR_TIMES:   0.44593298435211182       0.45058697462081909        2.9479026794433594E-002
 LQ_TIMES:   0.21714186668395996       0.55843305587768555        2.9789924621582031E-002
 QR_TIMES:   0.25873199105262756       0.25385096669197083        3.0264019966125488E-002
 LQ_TIMES:   0.11854100227355957       0.69918394088745117        2.9775142669677734E-002
 QR_TIMES:   0.39103299379348755       0.40351301431655884        3.2032012939453125E-002
 LQ_TIMES:   0.13972699642181396       0.73092317581176758        3.0184030532836914E-002
m=10000:n=325
 QR_TIMES:   0.47587996721267700       0.38460195064544678        3.4562945365905762E-002
 LQ_TIMES:   0.19513511657714844       0.66647982597351074        3.2222986221313477E-002
 QR_TIMES:   0.31338101625442505       0.42331200838088989        3.6942958831787109E-002
 LQ_TIMES:   0.11571097373962402       0.95116806030273438        3.1129121780395508E-002
 QR_TIMES:   0.51599204540252686       0.39775401353836060        3.4083962440490723E-002
 LQ_TIMES:   0.11929094791412354       0.95298790931701660        3.0920982360839844E-002
 QR_TIMES:   0.48759198188781738       0.47290301322937012        3.4328937530517578E-002
 LQ_TIMES:   0.20523309707641602       0.57594096660614014        2.8989076614379883E-002
 QR_TIMES:   0.27283301949501038       0.26362499594688416        3.0977010726928711E-002
 LQ_TIMES:    9.8648011684417725E-002  0.67454296350479126        2.9544949531555176E-002
m=10000:n=330
 QR_TIMES:   0.41525602340698242       0.42078995704650879        3.9025068283081055E-002
 LQ_TIMES:   0.12180101871490479       0.77310407161712646        2.9047966003417969E-002
 QR_TIMES:   0.43085801601409912       0.43791401386260986        3.5635948181152344E-002
 LQ_TIMES:   0.19005393981933594       0.65769994258880615        3.1563043594360352E-002
 QR_TIMES:   0.28747099637985229       0.34751904010772705        3.2109022140502930E-002
 LQ_TIMES:   0.11705791950225830       0.90505099296569824        2.9430866241455078E-002
 QR_TIMES:   0.46123096346855164       0.41003000736236572        3.2548069953918457E-002
 LQ_TIMES:   0.10956609249114990       0.90013492107391357        3.1465053558349609E-002
 QR_TIMES:   0.44716998934745789       0.50479197502136230        3.2912969589233398E-002
 LQ_TIMES:   0.17438995838165283       0.59840106964111328        2.9750108718872070E-002
m=10000:n=335
 QR_TIMES:   0.31714999675750732       0.27634900808334351        3.2804965972900391E-002
 LQ_TIMES:   0.10568100214004517       0.74305605888366699        3.0246019363403320E-002
 QR_TIMES:   0.39123296737670898       0.39236697554588318        3.4590005874633789E-002
 LQ_TIMES:   0.12041199207305908       0.83267700672149658        3.1070232391357422E-002
 QR_TIMES:   0.39431697130203247       0.40827399492263794        3.3514976501464844E-002
 LQ_TIMES:   0.16893303394317627       0.52372694015502930        2.8436899185180664E-002
 QR_TIMES:   0.39231199026107788       0.45552599430084229        3.5454988479614258E-002
 LQ_TIMES:   0.11705195903778076       0.87266004085540771        3.0286073684692383E-002
 QR_TIMES:   0.39453399181365967       0.37108904123306274        3.4885048866271973E-002
 LQ_TIMES:   0.11976802349090576       0.90992403030395508        3.2562971115112305E-002
m=10000:n=340
 QR_TIMES:   0.47414296865463257       0.43603593111038208        3.4291982650756836E-002
 LQ_TIMES:   0.10516500473022461       0.48633098602294922        3.3116102218627930E-002
 QR_TIMES:   0.29294401407241821       0.31452596187591553        3.5251021385192871E-002
 LQ_TIMES:   0.15853297710418701       0.83688092231750488        3.2991886138916016E-002
 QR_TIMES:   0.39562302827835083       0.39964205026626587        3.4856081008911133E-002
 LQ_TIMES:   0.12598800659179688       0.93806195259094238        3.6183834075927734E-002
 QR_TIMES:   0.45253601670265198       0.52779000997543335        3.1903982162475586E-002
 LQ_TIMES:   0.10924601554870605       0.59173393249511719        3.0503988265991211E-002
 QR_TIMES:   0.40477100014686584       0.41752004623413086        3.6201000213623047E-002
 LQ_TIMES:   0.12830901145935059       0.84030997753143311        2.9906988143920898E-002
m=10000:n=345
 QR_TIMES:   0.41806998848915100       0.43354701995849609        3.5869002342224121E-002
 LQ_TIMES:   0.13006007671356201       0.98541998863220215        3.3251047134399414E-002
 QR_TIMES:   0.42122700810432434       0.28522402048110962        3.3746004104614258E-002
 LQ_TIMES:   0.10355997085571289       0.51421296596527100        3.0052900314331055E-002
 QR_TIMES:   0.35765302181243896       0.36716699600219727        3.5407006740570068E-002
 LQ_TIMES:   0.11927902698516846       0.84691500663757324        3.3001184463500977E-002
 QR_TIMES:   0.41466701030731201       0.44161796569824219        3.8877010345458984E-002
 LQ_TIMES:   0.13877904415130615       0.83511495590209961        3.5694122314453125E-002
 QR_TIMES:   0.29911100864410400       0.32364198565483093        3.4641981124877930E-002
 LQ_TIMES:   0.13147997856140137        1.1009640693664551        3.5474061965942383E-002
m=10000:n=350
 QR_TIMES:   0.53196501731872559       0.50776803493499756        3.2750010490417480E-002
 LQ_TIMES:   0.15004396438598633        1.0562090873718262        3.5648107528686523E-002
 QR_TIMES:   0.55439800024032593       0.51817101240158081        3.9525032043457031E-002
 LQ_TIMES:   0.15467894077301025       0.64090299606323242        3.5213947296142578E-002
 QR_TIMES:   0.34483900666236877       0.39323702454566956        3.4568965435028076E-002
 LQ_TIMES:   0.16032207012176514        1.0200239419937134        3.1594991683959961E-002
 QR_TIMES:   0.44109398126602173       0.43383496999740601        3.5916924476623535E-002
 LQ_TIMES:   0.14800202846527100        1.0234880447387695        3.7738800048828125E-002
 QR_TIMES:   0.43296301364898682       0.31829094886779785        3.4181058406829834E-002
 LQ_TIMES:   0.12960898876190186       0.93932306766510010        3.3092021942138672E-002
m=10000:n=355
 QR_TIMES:   0.49999397993087769       0.56584000587463379        3.7861108779907227E-002
 LQ_TIMES:   0.13425600528717041       0.96942305564880371        3.3400058746337891E-002
 QR_TIMES:   0.56447702646255493       0.54024004936218262        3.9191961288452148E-002
 LQ_TIMES:   0.14748311042785645       0.76446914672851562        3.2763004302978516E-002
 QR_TIMES:   0.33749601244926453       0.33556503057479858        3.4386992454528809E-002
 LQ_TIMES:   0.12935197353363037       0.81088805198669434        3.2415866851806641E-002
 QR_TIMES:   0.46655702590942383       0.45193898677825928        3.5928964614868164E-002
 LQ_TIMES:   0.13271403312683105        1.0080810785293579        3.3808946609497070E-002
 QR_TIMES:   0.49919199943542480       0.48510497808456421        3.4500002861022949E-002
 LQ_TIMES:   0.11502003669738770       0.65460693836212158        3.1141757965087891E-002
m=10000:n=360
 QR_TIMES:   0.47609901428222656       0.50174903869628906        3.7746906280517578E-002
 LQ_TIMES:   0.14353013038635254       0.93964409828186035        3.1877994537353516E-002
 QR_TIMES:   0.46869999170303345       0.48770397901535034        3.7262082099914551E-002
 LQ_TIMES:   0.12614405155181885       0.94370198249816895        3.2940149307250977E-002
 QR_TIMES:   0.32918801903724670       0.34341001510620117        3.5748004913330078E-002
 LQ_TIMES:   0.11050403118133545       0.76029300689697266        3.3204078674316406E-002
 QR_TIMES:   0.47661298513412476       0.47500902414321899        3.7297010421752930E-002
 LQ_TIMES:   0.12805497646331787       0.97999894618988037        3.3323049545288086E-002
 QR_TIMES:   0.41738399863243103       0.50398105382919312        3.7117004394531250E-002
 LQ_TIMES:   0.15258991718292236       0.54413592815399170        3.0872106552124023E-002
m=10000:n=365
 QR_TIMES:   0.52295595407485962       0.49597406387329102        3.9389133453369141E-002
 LQ_TIMES:   0.14429402351379395        1.1119430065155029        3.3881902694702148E-002
 QR_TIMES:   0.48019102215766907       0.52756905555725098        4.0454983711242676E-002
 LQ_TIMES:   0.14264607429504395        1.0812380313873291        3.9526939392089844E-002
 QR_TIMES:   0.39209896326065063       0.35805201530456543        3.9009034633636475E-002
 LQ_TIMES:   0.11742699146270752       0.80664801597595215        3.5926818847656250E-002
 QR_TIMES:   0.47399401664733887       0.50061899423599243        4.0737032890319824E-002
 LQ_TIMES:   0.13959503173828125       0.98934102058410645        3.4747123718261719E-002
 QR_TIMES:   0.52601897716522217       0.47792398929595947        3.7894010543823242E-002
 LQ_TIMES:   0.19920194149017334       0.63214910030364990        3.4323930740356445E-002
m=10000:n=370
 QR_TIMES:   0.56791400909423828       0.59811401367187500        4.1110992431640625E-002
 LQ_TIMES:   0.15195393562316895        1.1244220733642578        4.0078163146972656E-002
 QR_TIMES:   0.54538601636886597       0.61470293998718262        4.3221950531005859E-002
 LQ_TIMES:   0.15563511848449707        1.0871829986572266        3.5993814468383789E-002
 QR_TIMES:   0.39307197928428650       0.39020001888275146        4.0791034698486328E-002
 LQ_TIMES:   0.12041902542114258       0.87197709083557129        3.6782979965209961E-002
 QR_TIMES:   0.51373499631881714       0.52057206630706787        4.1288018226623535E-002
 LQ_TIMES:   0.13202905654907227        1.0359809398651123        3.7354946136474609E-002
 QR_TIMES:   0.55675899982452393       0.59812706708908081        4.4066071510314941E-002
 LQ_TIMES:   0.12923502922058105       0.75982689857482910        3.6487102508544922E-002
m=10000:n=375
 QR_TIMES:   0.55930900573730469       0.62033903598785400        4.2281031608581543E-002
 LQ_TIMES:   0.15466594696044922       0.98011898994445801        3.8241147994995117E-002
 QR_TIMES:   0.60806399583816528       0.58806794881820679        4.2024016380310059E-002
 LQ_TIMES:   0.13631498813629150       0.89756298065185547        3.9333820343017578E-002
 QR_TIMES:   0.41250997781753540       0.42281800508499146        4.0461063385009766E-002
 LQ_TIMES:   0.13254702091217041       0.98634397983551025        3.9262056350708008E-002
 QR_TIMES:   0.54335099458694458       0.58175396919250488        4.3618083000183105E-002
 LQ_TIMES:   0.14907503128051758        1.1536300182342529        4.3559074401855469E-002
 QR_TIMES:   0.57227796316146851       0.36348104476928711        4.2888045310974121E-002
 LQ_TIMES:   0.12862694263458252        1.1845290660858154        3.8077116012573242E-002
m=10000:n=380
 QR_TIMES:   0.62768900394439697       0.66440194845199585        4.3763995170593262E-002
 LQ_TIMES:   0.18138718605041504        1.4086501598358154        3.9381980895996094E-002
 QR_TIMES:   0.70623600482940674       0.57408499717712402        4.7510147094726562E-002
 LQ_TIMES:   0.13299798965454102       0.74874305725097656        3.8756132125854492E-002
 QR_TIMES:   0.46959298849105835       0.51539200544357300        4.3447971343994141E-002
 LQ_TIMES:   0.15362393856048584        1.1491199731826782        4.0817022323608398E-002
 QR_TIMES:   0.68038904666900635       0.70591199398040771        4.2168855667114258E-002
 LQ_TIMES:   0.24773716926574707        1.0085990428924561        3.9680004119873047E-002
 QR_TIMES:   0.57887601852416992       0.59400099515914917        4.8043966293334961E-002
 LQ_TIMES:   0.17404389381408691        1.2641019821166992        3.7423849105834961E-002
m=10000:n=385
 QR_TIMES:   0.52467900514602661       0.58039098978042603        4.6947002410888672E-002
 LQ_TIMES:   0.15406584739685059        1.1898438930511475        4.3342828750610352E-002
 QR_TIMES:   0.39171999692916870       0.39971500635147095        4.3191075325012207E-002
 LQ_TIMES:   0.13088500499725342       0.83762288093566895        4.0275812149047852E-002
 QR_TIMES:   0.51658999919891357       0.55325394868850708        4.6110987663269043E-002
 LQ_TIMES:   0.14924705028533936        1.0835750102996826        3.8002014160156250E-002
 QR_TIMES:   0.56208699941635132       0.58261400461196899        4.2161107063293457E-002
 LQ_TIMES:   0.12608492374420166       0.80022501945495605        3.8975238800048828E-002
 QR_TIMES:   0.57852602005004883       0.60843700170516968        4.9927949905395508E-002
 LQ_TIMES:   0.18278503417968750        1.0976698398590088        4.0266036987304688E-002
m=10000:n=390
 QR_TIMES:   0.63196802139282227       0.73013198375701904        4.3514013290405273E-002
 LQ_TIMES:   0.16827690601348877       0.85966396331787109        3.9880037307739258E-002
 QR_TIMES:   0.41940400004386902       0.44560301303863525        4.1136980056762695E-002
 LQ_TIMES:   0.13995492458343506        1.0391640663146973        3.9952039718627930E-002
 QR_TIMES:   0.54978501796722412       0.53834700584411621        4.2762041091918945E-002
 LQ_TIMES:   0.17307198047637939        1.0804919004440308        4.1778087615966797E-002
 QR_TIMES:   0.39766800403594971       0.43555700778961182        4.1542053222656250E-002
 LQ_TIMES:   0.13830208778381348        1.1972069740295410        4.0894031524658203E-002
 QR_TIMES:   0.54427403211593628       0.52496701478958130        4.3407917022705078E-002
 LQ_TIMES:   0.15091991424560547        1.2110180854797363        3.9472103118896484E-002
m=10000:n=395
 QR_TIMES:   0.63771796226501465       0.41111004352569580        4.3380975723266602E-002
 LQ_TIMES:   0.12878501415252686       0.80420398712158203        3.9855957031250000E-002
 QR_TIMES:   0.51955199241638184       0.58410596847534180        4.3699979782104492E-002
 LQ_TIMES:   0.15104591846466064        1.1390030384063721        4.1212797164916992E-002
 QR_TIMES:   0.52639800310134888       0.63372391462326050        4.2715907096862793E-002
 LQ_TIMES:   0.12145900726318359       0.74988102912902832        3.8370847702026367E-002
 QR_TIMES:   0.61191099882125854       0.64173197746276855        4.6280860900878906E-002
 LQ_TIMES:   0.16840791702270508        1.1106250286102295        4.1374921798706055E-002
 QR_TIMES:   0.65396195650100708       0.66133302450180054        4.5580029487609863E-002
 LQ_TIMES:   0.14720106124877930       0.92451596260070801        4.0144920349121094E-002
m=10000:n=400
 QR_TIMES:   0.46605899930000305       0.47795993089675903        4.5138001441955566E-002
 LQ_TIMES:   0.17354702949523926        1.1102559566497803        4.0126085281372070E-002
 QR_TIMES:   0.59444701671600342       0.59482496976852417        4.7657012939453125E-002
 LQ_TIMES:   0.16395008563995361        1.1000421047210693        4.3405055999755859E-002
 QR_TIMES:   0.45985198020935059       0.56436598300933838        4.5230031013488770E-002
 LQ_TIMES:   0.17935502529144287        1.3051531314849854        3.8971185684204102E-002
 QR_TIMES:   0.57741600275039673       0.62345796823501587        4.5226097106933594E-002
 LQ_TIMES:   0.17960190773010254        1.2587761878967285        4.1289091110229492E-002
 QR_TIMES:   0.42583602666854858       0.45297300815582275        4.4025063514709473E-002
 LQ_TIMES:   0.15351200103759766        1.0325579643249512        3.9561986923217773E-002
m=10000:n=405
 QR_TIMES:   0.62224000692367554       0.60932797193527222        4.6612977981567383E-002
 LQ_TIMES:   0.15345788002014160        1.2361068725585938        4.2783975601196289E-002
 QR_TIMES:   0.51784300804138184       0.45639401674270630        4.3739080429077148E-002
 LQ_TIMES:   0.15317904949188232        1.2951400279998779        4.1086912155151367E-002
 QR_TIMES:   0.60783398151397705       0.58297199010848999        4.6545982360839844E-002
 LQ_TIMES:   0.15210103988647461        1.2709599733352661        3.9901971817016602E-002
 QR_TIMES:   0.65553504228591919       0.42053097486495972        4.4494986534118652E-002
 LQ_TIMES:   0.13535499572753906       0.93418598175048828        4.0405035018920898E-002
 QR_TIMES:   0.56439501047134399       0.62777096033096313        4.5117020606994629E-002
 LQ_TIMES:   0.15408706665039062        1.2470970153808594        4.1723966598510742E-002
m=10000:n=410
 QR_TIMES:   0.66856205463409424       0.58722501993179321        4.6032905578613281E-002
 LQ_TIMES:   0.13585901260375977        1.2345211505889893        4.4837951660156250E-002
 QR_TIMES:   0.71668303012847900       0.67023396492004395        4.5506000518798828E-002
 LQ_TIMES:   0.15354192256927490        1.3270571231842041        4.4410228729248047E-002
 QR_TIMES:   0.64007401466369629       0.65118002891540527        4.6542882919311523E-002
 LQ_TIMES:   0.13873910903930664       0.83018016815185547        4.2119026184082031E-002
 QR_TIMES:   0.54469501972198486       0.57795405387878418        4.6540975570678711E-002
 LQ_TIMES:   0.16127097606658936        1.2235410213470459        4.8240900039672852E-002
 QR_TIMES:   0.56170302629470825       0.66762405633926392        4.5347094535827637E-002
 LQ_TIMES:   0.12789201736450195       0.86924982070922852        4.1973829269409180E-002
m=10000:n=415
 QR_TIMES:   0.68018996715545654       0.73228496313095093        4.7925949096679688E-002
 LQ_TIMES:   0.16523194313049316        1.3117358684539795        4.5382976531982422E-002
 QR_TIMES:   0.74376899003982544       0.67088401317596436        4.7106027603149414E-002
 LQ_TIMES:   0.13838791847229004       0.79527688026428223        4.4039964675903320E-002
 QR_TIMES:   0.52970600128173828       0.56507998704910278        4.8177957534790039E-002
 LQ_TIMES:   0.17076194286346436        1.2702348232269287        4.3350934982299805E-002
 QR_TIMES:   0.73664402961730957       0.58638292551040649        4.7411918640136719E-002
 LQ_TIMES:   0.20734405517578125       0.75686001777648926        4.2456150054931641E-002
 QR_TIMES:   0.67165398597717285       0.70402091741561890        4.8840045928955078E-002
 LQ_TIMES:   0.18355107307434082        1.2548117637634277        4.4467926025390625E-002
m=10000:n=420
 QR_TIMES:   0.76266700029373169       0.77517807483673096        4.7513008117675781E-002
 LQ_TIMES:   0.24089694023132324       0.81681799888610840        4.4251918792724609E-002
 QR_TIMES:   0.52931100130081177       0.56079101562500000        4.8534035682678223E-002
 LQ_TIMES:   0.16628408432006836        1.2742319107055664        4.3623924255371094E-002
 QR_TIMES:   0.67548900842666626       0.75171005725860596        4.8061966896057129E-002
 LQ_TIMES:   0.24087691307067871       0.95868706703186035        4.3467044830322266E-002
 QR_TIMES:   0.66036796569824219       0.71676999330520630        4.9463033676147461E-002
 LQ_TIMES:   0.17546892166137695        1.3018338680267334        4.3925762176513672E-002
 QR_TIMES:   0.72452300786972046       0.76582002639770508        4.9422025680541992E-002
 LQ_TIMES:   0.15877699851989746        1.0320248603820801        4.4046878814697266E-002
m=10000:n=425
 QR_TIMES:   0.51232999563217163       0.56064200401306152        4.9057960510253906E-002
 LQ_TIMES:   0.16965413093566895        1.2965290546417236        4.4275999069213867E-002
 QR_TIMES:   0.67182600498199463       0.76966607570648193        4.7876000404357910E-002
 LQ_TIMES:   0.24407887458801270        1.0188300609588623        4.3159008026123047E-002
 QR_TIMES:   0.66453599929809570       0.72474294900894165        5.0907015800476074E-002
 LQ_TIMES:   0.17490196228027344        1.3321490287780762        4.3751716613769531E-002
 QR_TIMES:   0.73224401473999023       0.75951296091079712        5.2145957946777344E-002
 LQ_TIMES:   0.15321707725524902        1.0547721385955811        4.4389963150024414E-002
 QR_TIMES:   0.51793897151947021       0.55815905332565308        4.9105048179626465E-002
 LQ_TIMES:   0.16539704799652100        1.3024159669876099        4.5015811920166016E-002
m=10000:n=430
 QR_TIMES:   0.68732601404190063       0.77586901187896729        4.7084927558898926E-002
 LQ_TIMES:   0.24332714080810547        1.0542709827423096        4.4349193572998047E-002
 QR_TIMES:   0.68223398923873901       0.72040897607803345        5.1061987876892090E-002
 LQ_TIMES:   0.18035888671875000        1.3734929561614990        4.4735908508300781E-002
 QR_TIMES:   0.76699995994567871       0.79697000980377197        5.0102114677429199E-002
 LQ_TIMES:   0.19532489776611328        1.0389311313629150        4.5691967010498047E-002
 QR_TIMES:   0.53347700834274292       0.57717704772949219        4.9151062965393066E-002
 LQ_TIMES:   0.16803598403930664        1.3286681175231934        4.5061826705932617E-002
 QR_TIMES:   0.70014399290084839       0.77386993169784546        4.8606991767883301E-002
 LQ_TIMES:   0.24110698699951172       0.98579502105712891        4.3374061584472656E-002
m=10000:n=435
 QR_TIMES:   0.72270405292510986       0.76818907260894775        5.2155971527099609E-002
 LQ_TIMES:   0.19493699073791504        1.3840379714965820        5.0220012664794922E-002
 QR_TIMES:   0.79833400249481201       0.81219995021820068        5.0015091896057129E-002
 LQ_TIMES:   0.22213006019592285       0.84107398986816406        4.7939062118530273E-002
 QR_TIMES:   0.58986800909042358       0.60769498348236084        5.1880955696105957E-002
 LQ_TIMES:   0.18299078941345215        1.3890039920806885        4.7492027282714844E-002
 QR_TIMES:   0.81455302238464355       0.64331591129302979        5.1622033119201660E-002
 LQ_TIMES:   0.22213101387023926       0.90628314018249512        4.6416044235229492E-002
 QR_TIMES:   0.77058196067810059       0.80076605081558228        5.2718162536621094E-002
 LQ_TIMES:   0.16652607917785645        1.4251480102539062        4.9024105072021484E-002
m=10000:n=440
 QR_TIMES:   0.83862298727035522       0.73641091585159302        5.1797032356262207E-002
 LQ_TIMES:   0.14892697334289551       0.90653610229492188        4.6947956085205078E-002
 QR_TIMES:   0.63690400123596191       0.66066503524780273        5.1830053329467773E-002
 LQ_TIMES:   0.18696498870849609        1.4437208175659180        5.0354957580566406E-002
 QR_TIMES:   0.64889001846313477       0.78075498342514038        5.0722122192382812E-002
 LQ_TIMES:   0.14917302131652832        1.1397519111633301        4.9425840377807617E-002
 QR_TIMES:   0.80862301588058472       0.83988505601882935        5.0992012023925781E-002
 LQ_TIMES:   0.17236590385437012        1.5311539173126221        5.0251960754394531E-002
 QR_TIMES:   0.75121301412582397       0.71188700199127197        5.1455974578857422E-002
 LQ_TIMES:   0.15438795089721680        1.0046670436859131        4.8302888870239258E-002
m=10000:n=445
 QR_TIMES:   0.68388998508453369       0.76423501968383789        5.3609013557434082E-002
 LQ_TIMES:   0.18175888061523438        1.5602219104766846        5.5052757263183594E-002
 QR_TIMES:   0.77743101119995117       0.56265503168106079        5.1281929016113281E-002
 LQ_TIMES:   0.16811299324035645        1.5723650455474854        4.9706935882568359E-002
 QR_TIMES:   0.74882900714874268       0.74558901786804199        5.3010940551757812E-002
 LQ_TIMES:   0.18573999404907227        1.5477991104125977        5.0973892211914062E-002
 QR_TIMES:   0.54913401603698730       0.56736701726913452        5.0604939460754395E-002
 LQ_TIMES:   0.16932606697082520        1.3597888946533203        4.9602985382080078E-002
 QR_TIMES:   0.74117100238800049       0.74797403812408447        5.5902957916259766E-002
 LQ_TIMES:   0.20170783996582031        1.2272279262542725        4.8733711242675781E-002
m=10000:n=450
 QR_TIMES:   0.76259100437164307       0.80443108081817627        5.6471109390258789E-002
 LQ_TIMES:   0.19464278221130371        1.5650801658630371        5.1405906677246094E-002
 QR_TIMES:   0.85924792289733887       0.89516603946685791        5.3526163101196289E-002
 LQ_TIMES:   0.26169919967651367        1.0178811550140381        5.0430297851562500E-002
 QR_TIMES:   0.65684300661087036       0.67823004722595215        5.4999947547912598E-002
 LQ_TIMES:   0.19168710708618164        1.4917399883270264        5.0199985504150391E-002
 QR_TIMES:   0.84031701087951660       0.83373099565505981        5.4598093032836914E-002
 LQ_TIMES:   0.14711999893188477        1.1533639430999756        5.1449775695800781E-002
 QR_TIMES:   0.86434102058410645       0.89783203601837158        5.4386854171752930E-002
 LQ_TIMES:   0.18094301223754883        1.6482560634613037        5.1161289215087891E-002
m=10000:n=455
 QR_TIMES:   0.80530399084091187       0.68060201406478882        5.4962038993835449E-002
 LQ_TIMES:   0.16209912300109863        1.2089750766754150        5.0814867019653320E-002
 QR_TIMES:   0.81751704216003418       0.81656396389007568        5.3865194320678711E-002
 LQ_TIMES:   0.18743205070495605        1.5362176895141602        5.2977085113525391E-002
 QR_TIMES:   0.57698798179626465       0.68931096792221069        5.5798053741455078E-002
 LQ_TIMES:   0.20204997062683105        1.6818680763244629        4.9046993255615234E-002
 QR_TIMES:   0.80256396532058716       0.85608202219009399        5.5497884750366211E-002
 LQ_TIMES:   0.20314812660217285        1.4693636894226074        5.0384044647216797E-002
 QR_TIMES:   0.60028398036956787       0.62316095829010010        5.3858995437622070E-002
 LQ_TIMES:   0.18126690387725830        1.4694650173187256        5.0096035003662109E-002
m=10000:n=460
 QR_TIMES:   0.80207997560501099       0.91174596548080444        5.6325197219848633E-002
 LQ_TIMES:   0.27000403404235840        1.1423380374908447        5.2167892456054688E-002
 QR_TIMES:   0.85260093212127686       0.89609897136688232        5.7672023773193359E-002
 LQ_TIMES:   0.21134901046752930        1.5422520637512207        5.5093765258789062E-002
 QR_TIMES:   0.93124002218246460       0.81737399101257324        5.6106805801391602E-002
 LQ_TIMES:   0.16614198684692383        1.0015091896057129        5.2242279052734375E-002
 QR_TIMES:   0.71189498901367188       0.76515805721282959        5.9199094772338867E-002
 LQ_TIMES:   0.20783591270446777        1.5400691032409668        5.5322647094726562E-002
 QR_TIMES:   0.86341196298599243       0.70536899566650391        5.6768894195556641E-002
 LQ_TIMES:   0.17861485481262207        1.6306102275848389        5.4845809936523438E-002
m=10000:n=465
 QR_TIMES:   0.85911202430725098       0.82201397418975830        5.9722185134887695E-002
 LQ_TIMES:   0.20077419281005859        1.6912519931793213        5.3150177001953125E-002
 QR_TIMES:   0.61575198173522949       0.64251106977462769        5.6710004806518555E-002
 LQ_TIMES:   0.18846905231475830        1.5089230537414551        5.4014205932617188E-002
 QR_TIMES:   0.81657201051712036       0.90016603469848633        5.7029008865356445E-002
 LQ_TIMES:   0.28382611274719238        1.1836378574371338        5.2285194396972656E-002
 QR_TIMES:   0.87773996591567993       0.93785393238067627        6.0364007949829102E-002
 LQ_TIMES:   0.21823620796203613        1.6088850498199463        5.5867195129394531E-002
 QR_TIMES:   0.93028497695922852       0.83620595932006836        5.5599212646484375E-002
 LQ_TIMES:   0.17035102844238281        1.0384941101074219        5.3565025329589844E-002
m=10000:n=470
 QR_TIMES:   0.76299798488616943       0.84920001029968262        5.8012962341308594E-002
 LQ_TIMES:   0.19360995292663574        1.6974050998687744        6.1120033264160156E-002
 QR_TIMES:   0.87664902210235596       0.60639405250549316        5.7193040847778320E-002
 LQ_TIMES:   0.19332790374755859        1.7428708076477051        5.5721282958984375E-002
 QR_TIMES:   0.82646894454956055       0.88394606113433838        5.9468030929565430E-002
 LQ_TIMES:   0.21757984161376953        1.6452798843383789        5.4561138153076172E-002
 QR_TIMES:   0.63537299633026123       0.66843396425247192        5.7335972785949707E-002
 LQ_TIMES:   0.18952298164367676        1.5798530578613281        5.4297924041748047E-002
 QR_TIMES:   0.84352302551269531       0.89137899875640869        6.0403108596801758E-002
 LQ_TIMES:   0.27816700935363770        1.1277389526367188        5.3015232086181641E-002
m=10000:n=475
 QR_TIMES:   0.95855307579040527        1.0000020265579224        6.2361955642700195E-002
 LQ_TIMES:   0.19062614440917969        1.7729270458221436        5.6398868560791016E-002
 QR_TIMES:   0.91424804925918579       0.80441999435424805        6.0592889785766602E-002
 LQ_TIMES:   0.17441821098327637        1.3202099800109863        5.4529190063476562E-002
 QR_TIMES:   0.90103703737258911       0.89053106307983398        5.9592247009277344E-002
 LQ_TIMES:   0.20566987991333008        1.6441612243652344        5.6551933288574219E-002
 QR_TIMES:   0.66851300001144409       0.88520592451095581        6.2157869338989258E-002
 LQ_TIMES:   0.20070385932922363        1.7365288734436035        5.4300785064697266E-002
 QR_TIMES:   0.96564102172851562       0.98878598213195801        6.1324119567871094E-002
 LQ_TIMES:   0.23558592796325684        1.2440128326416016        5.5328845977783203E-002
m=10000:n=480
 QR_TIMES:   0.73666298389434814       0.78428906202316284        6.1852216720581055E-002
 LQ_TIMES:   0.24825286865234375        1.6900277137756348        5.8146953582763672E-002
 QR_TIMES:   0.87282192707061768       0.88649010658264160        6.0791015625000000E-002
 LQ_TIMES:   0.19426894187927246        1.7735359668731689        5.7444095611572266E-002
 QR_TIMES:   0.93947196006774902       0.90468788146972656        6.2972068786621094E-002
 LQ_TIMES:   0.24841308593750000        1.7885680198669434        6.0217857360839844E-002
 QR_TIMES:   0.67676198482513428       0.70747500658035278        6.2331080436706543E-002
 LQ_TIMES:   0.24971485137939453        1.7051892280578613        5.5666923522949219E-002
 QR_TIMES:   0.98509001731872559       0.84403705596923828        6.2472105026245117E-002
 LQ_TIMES:   0.21401810646057129        1.3728957176208496        5.7707309722900391E-002
m=10000:n=485
 QR_TIMES:    1.0251829624176025       0.98991298675537109        6.2499046325683594E-002
 LQ_TIMES:   0.21827197074890137        1.8356771469116211        6.0430049896240234E-002
 QR_TIMES:   0.84989595413208008       0.69112694263458252        6.3073992729187012E-002
 LQ_TIMES:   0.20357990264892578        1.5851612091064453        5.9613227844238281E-002
 QR_TIMES:   0.91653394699096680       0.92404103279113770        6.6797971725463867E-002
 LQ_TIMES:   0.31983804702758789        1.3464000225067139        5.7991027832031250E-002
 QR_TIMES:   0.94100898504257202        1.0079050064086914        6.5254926681518555E-002
 LQ_TIMES:   0.23263096809387207        1.7776479721069336        6.0724735260009766E-002
 QR_TIMES:   0.99024003744125366       0.91299808025360107        6.2175035476684570E-002
 LQ_TIMES:   0.18490600585937500        1.3238661289215088        6.0418128967285156E-002
m=10000:n=490
 QR_TIMES:   0.96014100313186646       0.94969499111175537        6.9830179214477539E-002
 LQ_TIMES:   0.22394108772277832        1.8820481300354004        6.1203002929687500E-002
 QR_TIMES:   0.75154501199722290       0.92393100261688232        6.7826032638549805E-002
 LQ_TIMES:   0.22802305221557617        1.8625302314758301        6.1874866485595703E-002
 QR_TIMES:    1.0175879001617432        1.0479860305786133        6.3525915145874023E-002
 LQ_TIMES:   0.29161000251770020        1.0737769603729248        6.0701847076416016E-002
 QR_TIMES:   0.78837698698043823       0.83361601829528809        6.6257953643798828E-002
 LQ_TIMES:   0.24929714202880859        1.7327668666839600        6.2726020812988281E-002
 QR_TIMES:   0.94590097665786743       0.89755606651306152        6.5565109252929688E-002
 LQ_TIMES:   0.18539524078369141        1.8646979331970215        6.1808109283447266E-002
m=10000:n=495
 QR_TIMES:   0.99068403244018555       0.95730996131896973        6.7465066909790039E-002
 LQ_TIMES:   0.22169780731201172        1.8583111763000488        6.0642242431640625E-002
 QR_TIMES:   0.69858199357986450       0.70869600772857666        6.3390016555786133E-002
 LQ_TIMES:   0.20447397232055664        1.7255997657775879        6.2093734741210938E-002
 QR_TIMES:   0.93226200342178345       0.99543893337249756        6.7178964614868164E-002
 LQ_TIMES:   0.29857707023620605        1.2622807025909424        6.1400890350341797E-002
 QR_TIMES:    1.0442659854888916        1.0775591135025024        6.3444137573242188E-002
 LQ_TIMES:   0.21422791481018066        1.9320740699768066        6.0244083404541016E-002
 QR_TIMES:   0.94373703002929688       0.66731107234954834        6.2115073204040527E-002
 LQ_TIMES:   0.18674087524414062        1.4870440959930420        6.3813209533691406E-002
m=10000:n=500
 QR_TIMES:   0.96139895915985107       0.97314012050628662        6.6676855087280273E-002
 LQ_TIMES:   0.26754307746887207        1.7097530364990234        6.1744689941406250E-002
 QR_TIMES:   0.87660402059555054        1.0085049867630005        6.9519042968750000E-002
 LQ_TIMES:   0.23720693588256836        1.9067127704620361        6.2905311584472656E-002
 QR_TIMES:    1.1183459758758545        1.0501210689544678        6.8019151687622070E-002
 LQ_TIMES:   0.18635797500610352        1.1509866714477539        6.0002803802490234E-002
 QR_TIMES:   0.87529897689819336       0.93637394905090332        6.8936824798583984E-002
 LQ_TIMES:   0.22430300712585449        1.8496758937835693        6.4751148223876953E-002
 QR_TIMES:   0.98523509502410889       0.71782493591308594        6.6438913345336914E-002
 LQ_TIMES:   0.21646189689636230        1.9570047855377197        6.0116767883300781E-002
