m=10000:n=10
 QR_TIMES:    1.4900020323693752E-004   1.4699995517730713E-004   4.8300018534064293E-004
 LQ_TIMES:    7.8599946573376656E-004   5.3299963474273682E-004   3.2899994403123856E-004
 QR_TIMES:    1.1800020001828671E-004   1.0899989865720272E-004   3.1599984504282475E-004
 LQ_TIMES:    7.6299998909235001E-004   5.5100023746490479E-004   2.9800040647387505E-004
 QR_TIMES:    1.0499986819922924E-004   1.0599987581372261E-004   3.2099988311529160E-004
 LQ_TIMES:    7.4800010770559311E-004   5.1299994811415672E-004   2.9599992558360100E-004
 QR_TIMES:    1.0800012387335300E-004   1.0600010864436626E-004   3.1899986788630486E-004
 LQ_TIMES:    7.6700001955032349E-004   6.9899996742606163E-004   4.7100009396672249E-004
 QR_TIMES:    1.1699995957314968E-004   1.0800012387335300E-004   3.3400021493434906E-004
 LQ_TIMES:    7.6900003477931023E-004   5.2700005471706390E-004   2.9199989512562752E-004
m=10000:n=20
 QR_TIMES:    4.8399972729384899E-004   4.4600013643503189E-004   5.3200032562017441E-004
 LQ_TIMES:    1.8000006675720215E-003   1.2400001287460327E-003   6.2600057572126389E-004
 QR_TIMES:    4.4899992644786835E-004   5.0200009718537331E-004   4.8599997535347939E-004
 LQ_TIMES:    1.6820002347230911E-003   1.1970000341534615E-003   5.2400026470422745E-004
 QR_TIMES:    4.5000016689300537E-004   4.3999962508678436E-004   4.8900023102760315E-004
 LQ_TIMES:    1.6970001161098480E-003   1.2129992246627808E-003   5.2300002425909042E-004
 QR_TIMES:    4.9500027671456337E-004   4.5400019735097885E-004   6.2600011005997658E-004
 LQ_TIMES:    1.7539998516440392E-003   2.4549998342990875E-003   5.3200032562017441E-004
 QR_TIMES:    5.4400041699409485E-004   4.5000016689300537E-004   5.3500011563301086E-004
 LQ_TIMES:    1.7309999093413353E-003   1.2259995564818382E-003   5.1700044423341751E-004
m=10000:n=30
 QR_TIMES:    1.0990002192556858E-003   1.0619997046887875E-003   9.4299949705600739E-004
 LQ_TIMES:    2.9670000076293945E-003   2.5689993053674698E-003   8.6800009012222290E-004
 QR_TIMES:    1.0660002008080482E-003   1.0509998537600040E-003   9.0800039470195770E-004
 LQ_TIMES:    3.8759997114539146E-003   2.3689996451139450E-003   8.3200074732303619E-004
 QR_TIMES:    1.0680002160370350E-003   1.7409999854862690E-003   9.1499928385019302E-004
 LQ_TIMES:    3.0590007081627846E-003   2.2359993308782578E-003   8.2300044596195221E-004
 QR_TIMES:    1.1879997327923775E-003   1.0570003651082516E-003   1.1329995468258858E-003
 LQ_TIMES:    2.9599992558360100E-003   2.3790001869201660E-003   8.0499984323978424E-004
 QR_TIMES:    1.0669999755918980E-003   1.1299997568130493E-003   8.9600030332803726E-004
 LQ_TIMES:    3.0900007113814354E-003   2.3159999400377274E-003   1.0449998080730438E-003
m=10000:n=40
 QR_TIMES:    1.9000000320374966E-003   1.9180001690983772E-003   1.1499999091029167E-003
 LQ_TIMES:    4.2220000177621841E-003   3.4989994019269943E-003   1.3309996575117111E-003
 QR_TIMES:    1.9869999960064888E-003   1.9060000777244568E-003   1.2990003451704979E-003
 LQ_TIMES:    4.2080003768205643E-003   3.7590004503726959E-003   1.1380016803741455E-003
 QR_TIMES:    1.9460003823041916E-003   1.9319998100399971E-003   1.0900003835558891E-003
 LQ_TIMES:    4.2639989405870438E-003   3.4930016845464706E-003   1.0449998080730438E-003
 QR_TIMES:    1.9209994934499264E-003   1.9190004095435143E-003   1.0750005021691322E-003
 LQ_TIMES:    4.6560000628232956E-003   3.4820009022951126E-003   1.4050006866455078E-003
 QR_TIMES:    2.0779999904334545E-003   2.3099994286894798E-003   1.1129993945360184E-003
 LQ_TIMES:    4.8699993640184402E-003   3.4490004181861877E-003   1.0529998689889908E-003
m=10000:n=50
 QR_TIMES:    2.9579997062683105E-003   3.0190004035830498E-003   1.4200005680322647E-003
 LQ_TIMES:    5.9130024164915085E-003   4.9520023167133331E-003   1.8879994750022888E-003
 QR_TIMES:    3.0050007626414299E-003   3.0890004709362984E-003   1.4139991253614426E-003
 LQ_TIMES:    5.4139997810125351E-003   4.9769990146160126E-003   1.5149973332881927E-003
 QR_TIMES:    3.0649993568658829E-003   3.0390005558729172E-003   1.4309994876384735E-003
 LQ_TIMES:    5.4989978671073914E-003   4.9799978733062744E-003   1.6889981925487518E-003
 QR_TIMES:    3.0049998313188553E-003   3.1009996309876442E-003   1.4769993722438812E-003
 LQ_TIMES:    6.1049982905387878E-003   5.2120015025138855E-003   1.6830004751682281E-003
 QR_TIMES:    3.0399998649954796E-003   3.0740005895495415E-003   1.8459986895322800E-003
 LQ_TIMES:    5.6489985436201096E-003   4.9809999763965607E-003   1.6320012509822845E-003
m=10000:n=60
 QR_TIMES:    4.3570008128881454E-003   4.3999999761581421E-003   2.3459997028112411E-003
 LQ_TIMES:    7.2330012917518616E-003   6.6840015351772308E-003   1.9590035080909729E-003
 QR_TIMES:    4.4430000707507133E-003   4.4009992852807045E-003   2.4030003696680069E-003
 LQ_TIMES:    7.3959976434707642E-003   6.5820030868053436E-003   2.1609999239444733E-003
 QR_TIMES:    4.5459996908903122E-003   4.3970001861453056E-003   2.2720005363225937E-003
 LQ_TIMES:    7.3299966752529144E-003   6.7199990153312683E-003   1.9230023026466370E-003
 QR_TIMES:    4.5710001140832901E-003   4.4290004298090935E-003   2.4409983307123184E-003
 LQ_TIMES:    7.4260011315345764E-003   6.5819993615150452E-003   1.9639991223812103E-003
 QR_TIMES:    4.7000003978610039E-003   4.3679997324943542E-003   2.7050003409385681E-003
 LQ_TIMES:    7.1390010416507721E-003   6.5689980983734131E-003   2.1010003983974457E-003
m=10000:n=70
 QR_TIMES:    6.8960003554821014E-003   6.0329996049404144E-003   3.2340008765459061E-003
 LQ_TIMES:    8.7939985096454620E-003   9.1529972851276398E-003   2.7950033545494080E-003
 QR_TIMES:    6.0980003327131271E-003   6.2410011887550354E-003   3.7730000913143158E-003
 LQ_TIMES:    9.3219988048076630E-003   9.0879984200000763E-003   2.4190023541450500E-003
 QR_TIMES:    5.9669995680451393E-003   6.1000008136034012E-003   3.2499991357326508E-003
 LQ_TIMES:    8.6300000548362732E-003   8.7749995291233063E-003   2.2780001163482666E-003
 QR_TIMES:    5.8800000697374344E-003   5.9789996594190598E-003   2.5800000876188278E-003
 LQ_TIMES:    8.4649994969367981E-003   8.9749991893768311E-003   2.5430023670196533E-003
 QR_TIMES:    5.9659993276000023E-003   5.9780012816190720E-003   2.5929994881153107E-003
 LQ_TIMES:    8.3970017731189728E-003   8.8960006833076477E-003   2.3300051689147949E-003
m=10000:n=80
 QR_TIMES:    8.0640008673071861E-003   7.8139994293451309E-003   3.1910017132759094E-003
 LQ_TIMES:    1.0772000998258591E-002   1.3938002288341522E-002   3.6149993538856506E-003
 QR_TIMES:    8.1010013818740845E-003   7.9489983618259430E-003   2.8750002384185791E-003
 LQ_TIMES:    1.0552000254392624E-002   1.1005997657775879E-002   3.0850023031234741E-003
 QR_TIMES:    7.8609995543956757E-003   7.8779999166727066E-003   3.8709975779056549E-003
 LQ_TIMES:    1.0336995124816895E-002   1.1573001742362976E-002   3.1910017132759094E-003
 QR_TIMES:    7.8719994053244591E-003   7.7050011605024338E-003   2.8860010206699371E-003
 LQ_TIMES:    1.0771002620458603E-002   1.0995000600814819E-002   3.0139982700347900E-003
 QR_TIMES:    8.2159992307424545E-003   7.7529996633529663E-003   2.9409974813461304E-003
 LQ_TIMES:    1.0443001985549927E-002   1.0954998433589935E-002   2.9550045728683472E-003
m=10000:n=90
 QR_TIMES:    1.0088000446557999E-002   1.0243000462651253E-002   4.0499977767467499E-003
 LQ_TIMES:    1.1714003980159760E-002   1.4054000377655029E-002   3.5080015659332275E-003
 QR_TIMES:    1.0191999375820160E-002   9.9459998309612274E-003   3.7040002644062042E-003
 LQ_TIMES:    1.3210996985435486E-002   1.4926999807357788E-002   4.2489990592002869E-003
 QR_TIMES:    1.0428998619318008E-002   1.0099999606609344E-002   4.9469992518424988E-003
 LQ_TIMES:    1.3833001255989075E-002   1.4447003602981567E-002   3.8539990782737732E-003
 QR_TIMES:    1.0023999959230423E-002   1.0146001353859901E-002   4.6739988029003143E-003
 LQ_TIMES:    1.3569004833698273E-002   1.4835000038146973E-002   3.8309991359710693E-003
 QR_TIMES:    1.1251000687479973E-002   9.9040009081363678E-003   3.7820003926753998E-003
 LQ_TIMES:    1.4288000762462616E-002   1.4596000313758850E-002   4.7090053558349609E-003
m=10000:n=100
 QR_TIMES:    1.3522997498512268E-002   1.2600999325513840E-002   4.8069991171360016E-003
 LQ_TIMES:    1.5462003648281097E-002   1.8881000578403473E-002   4.3999999761581421E-003
 QR_TIMES:    1.3663001358509064E-002   1.2744996696710587E-002   4.5720003545284271E-003
 LQ_TIMES:    1.5889994800090790E-002   1.8449001014232635E-002   5.0280094146728516E-003
 QR_TIMES:    1.2496000155806541E-002   1.2400001287460327E-002   4.5010000467300415E-003
 LQ_TIMES:    1.5793003141880035E-002   1.6557000577449799E-002   4.4730007648468018E-003
 QR_TIMES:    1.3057000935077667E-002   1.2354999780654907E-002   5.1589980721473694E-003
 LQ_TIMES:    1.3950005173683167E-002   1.6109004616737366E-002   4.9690008163452148E-003
 QR_TIMES:    1.2355998158454895E-002   1.2412998825311661E-002   5.2000023424625397E-003
 LQ_TIMES:    1.4231003820896149E-002   1.7695002257823944E-002   4.5059993863105774E-003
m=10000:n=110
 QR_TIMES:    1.5073001384735107E-002   1.5103999525308609E-002   5.7060010731220245E-003
 LQ_TIMES:    1.4963999390602112E-002   2.1762996912002563E-002   4.7100037336349487E-003
 QR_TIMES:    1.5015002340078354E-002   1.5186000615358353E-002   5.3669996559619904E-003
 LQ_TIMES:    1.5454001724720001E-002   1.9960001111030579E-002   5.3670108318328857E-003
 QR_TIMES:    1.6475001350045204E-002   1.4926999807357788E-002   5.5800005793571472E-003
 LQ_TIMES:    1.5128999948501587E-002   2.3113004863262177E-002   4.8189908266067505E-003
 QR_TIMES:    1.5043001621961594E-002   1.4959000051021576E-002   6.2119998037815094E-003
 LQ_TIMES:    1.5414997935295105E-002   1.9211001694202423E-002   4.8549920320510864E-003
 QR_TIMES:    1.5405001118779182E-002   1.5844997018575668E-002   5.0769969820976257E-003
 LQ_TIMES:    1.6258999705314636E-002   2.2370003163814545E-002   5.5480003356933594E-003
m=10000:n=120
 QR_TIMES:    1.9920000806450844E-002   1.7788995057344437E-002   5.4230019450187683E-003
 LQ_TIMES:    2.0742006599903107E-002   2.3654997348785400E-002   5.2579939365386963E-003
 QR_TIMES:    1.7728000879287720E-002   1.7699003219604492E-002   6.4040049910545349E-003
 LQ_TIMES:    1.7519995570182800E-002   2.2970005869865417E-002   5.0719976425170898E-003
 QR_TIMES:    1.8236000090837479E-002   1.7796996980905533E-002   5.7319998741149902E-003
 LQ_TIMES:    1.6954995691776276E-002   2.3594990372657776E-002   5.4389983415603638E-003
 QR_TIMES:    1.7558000981807709E-002   1.8323000520467758E-002   6.3659995794296265E-003
 LQ_TIMES:    1.9126996397972107E-002   2.4238005280494690E-002   5.5970102548599243E-003
 QR_TIMES:    1.7556002363562584E-002   1.7733998596668243E-002   6.0719996690750122E-003
 LQ_TIMES:    1.8848001956939697E-002   2.3240998387336731E-002   4.9709975719451904E-003
m=10000:n=130
 QR_TIMES:    2.0819999277591705E-002   2.5017999112606049E-002   7.0639997720718384E-003
 LQ_TIMES:    2.2140994668006897E-002   3.1184986233711243E-002   6.2730014324188232E-003
 QR_TIMES:    2.0704001188278198E-002   2.0783998072147369E-002   6.0020014643669128E-003
 LQ_TIMES:    2.0319998264312744E-002   2.7351990342140198E-002   6.3510090112686157E-003
 QR_TIMES:    2.0791999995708466E-002   2.0776003599166870E-002   6.3380002975463867E-003
 LQ_TIMES:    2.0183004438877106E-002   2.8605997562408447E-002   6.2170028686523438E-003
 QR_TIMES:    2.1060999482870102E-002   2.0987000316381454E-002   6.2730014324188232E-003
 LQ_TIMES:    2.0671002566814423E-002   2.7366012334823608E-002   6.6850036382675171E-003
 QR_TIMES:    2.0627999678254128E-002   2.0789999514818192E-002   6.6320002079010010E-003
 LQ_TIMES:    1.9509002566337585E-002   2.6939004659652710E-002   6.3489973545074463E-003
m=10000:n=140
 QR_TIMES:    2.4196999147534370E-002   2.4798996746540070E-002   8.3179995417594910E-003
 LQ_TIMES:    2.0741999149322510E-002   3.3463001251220703E-002   6.6879987716674805E-003
 QR_TIMES:    2.4633999913930893E-002   2.5653995573520660E-002   7.4850022792816162E-003
 LQ_TIMES:    2.3844003677368164E-002   3.3515989780426025E-002   7.4570029973983765E-003
 QR_TIMES:    2.5264002382755280E-002   2.4865999817848206E-002   7.8400000929832458E-003
 LQ_TIMES:    2.2269010543823242E-002   3.1618997454643250E-002   6.7640095949172974E-003
 QR_TIMES:    2.3983001708984375E-002   2.4582002311944962E-002   7.3020011186599731E-003
 LQ_TIMES:    2.1871000528335571E-002   3.1314998865127563E-002   7.2420090436935425E-003
 QR_TIMES:    2.4845998734235764E-002   2.4758998304605484E-002   9.2249959707260132E-003
 LQ_TIMES:    2.4172008037567139E-002   2.9927998781204224E-002   6.7399889230728149E-003
m=10000:n=150
 QR_TIMES:    2.8023000806570053E-002   2.7888000011444092E-002   7.4969977140426636E-003
 LQ_TIMES:    2.3019999265670776E-002   3.3132001757621765E-002   7.8250020742416382E-003
 QR_TIMES:    2.7971997857093811E-002   2.8597000986337662E-002   7.9379975795745850E-003
 LQ_TIMES:    2.3223012685775757E-002   3.2641991972923279E-002   7.7600032091140747E-003
 QR_TIMES:    2.8194997459650040E-002   2.8126996010541916E-002   8.2789957523345947E-003
 LQ_TIMES:    2.4613007903099060E-002   3.4993991255760193E-002   8.1509947776794434E-003
 QR_TIMES:    2.8795998543500900E-002   2.8190001845359802E-002   7.6359957456588745E-003
 LQ_TIMES:    2.3717999458312988E-002   3.4909993410110474E-002   9.0110003948211670E-003
 QR_TIMES:    2.8540998697280884E-002   2.8461001813411713E-002   7.5310021638870239E-003
 LQ_TIMES:    2.2749006748199463E-002   3.3752009272575378E-002   7.9500079154968262E-003
m=10000:n=160
 QR_TIMES:    3.2559998333454132E-002   3.1922996044158936E-002   8.0849975347518921E-003
 LQ_TIMES:    2.9766991734504700E-002   3.8060992956161499E-002   8.2129836082458496E-003
 QR_TIMES:    3.4835997968912125E-002   3.3366002142429352E-002   9.1399922966957092E-003
 LQ_TIMES:    2.8292000293731689E-002   3.7917003035545349E-002   8.0969929695129395E-003
 QR_TIMES:    3.2464005053043365E-002   3.2230004668235779E-002   9.9590048193931580E-003
 LQ_TIMES:    3.0886009335517883E-002   4.4214010238647461E-002   8.9589953422546387E-003
 QR_TIMES:    3.2379996031522751E-002   3.4001000225543976E-002   8.1380009651184082E-003
 LQ_TIMES:    3.5153999924659729E-002   4.1353002190589905E-002   8.4489881992340088E-003
 QR_TIMES:    3.3477999269962311E-002   3.2338000833988190E-002   9.2829987406730652E-003
 LQ_TIMES:    3.1516999006271362E-002   4.1221991181373596E-002   8.6160004138946533E-003
m=10000:n=170
 QR_TIMES:    3.6205004900693893E-002   3.8483999669551849E-002   1.1187002062797546E-002
 LQ_TIMES:    3.1346008181571960E-002   4.8452988266944885E-002   9.9090039730072021E-003
 QR_TIMES:    3.7324998527765274E-002   3.7923999130725861E-002   1.0078012943267822E-002
 LQ_TIMES:    3.1016990542411804E-002   4.3755993247032166E-002   9.6000134944915771E-003
 QR_TIMES:    3.8036998361349106E-002   3.7124000489711761E-002   9.4749927520751953E-003
 LQ_TIMES:    3.2514989376068115E-002   4.5255988836288452E-002   9.5119774341583252E-003
 QR_TIMES:    3.6861997097730637E-002   3.6280997097492218E-002   9.1430097818374634E-003
 LQ_TIMES:    3.2119005918502808E-002   5.2630990743637085E-002   9.4449818134307861E-003
 QR_TIMES:    3.8370002061128616E-002   4.1689999401569366E-002   9.2820078134536743E-003
 LQ_TIMES:    3.2910004258155823E-002   4.8313006758689880E-002   9.4789862632751465E-003
m=10000:n=180
 QR_TIMES:    4.2781002819538116E-002   4.3338999152183533E-002   9.8769962787628174E-003
 LQ_TIMES:    3.3188000321388245E-002   6.6697016358375549E-002   9.9610090255737305E-003
 QR_TIMES:    4.1560001671314240E-002   4.4399000704288483E-002   9.8819881677627563E-003
 LQ_TIMES:    3.3010005950927734E-002   6.0784012079238892E-002   9.8789930343627930E-003
 QR_TIMES:    4.2563997209072113E-002   4.2274996638298035E-002   1.1417999863624573E-002
 LQ_TIMES:    3.2416000962257385E-002   6.2422990798950195E-002   1.0033011436462402E-002
 QR_TIMES:    4.2016997933387756E-002   4.2941994965076447E-002   1.0397002100944519E-002
 LQ_TIMES:    3.2521992921829224E-002   5.8820009231567383E-002   1.0567009449005127E-002
 QR_TIMES:    4.1987001895904541E-002   4.1227996349334717E-002   1.0187998414039612E-002
 LQ_TIMES:    3.3171996474266052E-002   5.3203999996185303E-002   1.0901987552642822E-002
m=10000:n=190
 QR_TIMES:    4.7666002064943314E-002   5.1190994679927826E-002   1.1952996253967285E-002
 LQ_TIMES:    3.6905989050865173E-002   7.4088990688323975E-002   1.1054009199142456E-002
 QR_TIMES:    4.7069001942873001E-002   4.7183997929096222E-002   1.2290999293327332E-002
 LQ_TIMES:    3.8433998823165894E-002   8.2922995090484619E-002   1.1044025421142578E-002
 QR_TIMES:    4.9084994941949844E-002   4.9134992063045502E-002   1.0988995432853699E-002
 LQ_TIMES:    3.4894987940788269E-002   6.7925989627838135E-002   1.0095983743667603E-002
 QR_TIMES:    4.7158997505903244E-002   4.6811006963253021E-002   1.0730996727943420E-002
 LQ_TIMES:    3.6131992936134338E-002   5.8963000774383545E-002   1.0280013084411621E-002
 QR_TIMES:    4.7527994960546494E-002   4.7914996743202209E-002   1.0957002639770508E-002
 LQ_TIMES:    3.4595996141433716E-002   6.4070999622344971E-002   1.2273997068405151E-002
m=10000:n=200
 QR_TIMES:    5.4978996515274048E-002   5.2653007209300995E-002   1.1679008603096008E-002
 LQ_TIMES:    3.6828994750976562E-002   8.4845006465911865E-002   1.1893987655639648E-002
 QR_TIMES:    5.3503002971410751E-002   5.9193000197410583E-002   1.2366995215415955E-002
 LQ_TIMES:    3.9664998650550842E-002   7.2290003299713135E-002   1.2096017599105835E-002
 QR_TIMES:    5.2207000553607941E-002   5.5462002754211426E-002   1.2054994702339172E-002
 LQ_TIMES:    3.5350993275642395E-002   7.7257990837097168E-002   1.1923015117645264E-002
 QR_TIMES:    5.2437998354434967E-002   5.8715999126434326E-002   1.1471003293991089E-002
 LQ_TIMES:    3.6841005086898804E-002   7.4308991432189941E-002   1.1785984039306641E-002
 QR_TIMES:    5.1112998276948929E-002   5.4499000310897827E-002   1.1644005775451660E-002
 LQ_TIMES:    3.6334991455078125E-002   8.0532014369964600E-002   1.1970996856689453E-002
m=10000:n=210
 QR_TIMES:    6.0634996742010117E-002   6.4762994647026062E-002   1.3010993599891663E-002
 LQ_TIMES:    3.8363009691238403E-002   9.6871018409729004E-002   1.3884991407394409E-002
 QR_TIMES:    6.5413996577262878E-002   6.6736005246639252E-002   1.4521002769470215E-002
 LQ_TIMES:    3.9384990930557251E-002   9.7337990999221802E-002   1.2284994125366211E-002
 QR_TIMES:    5.9573996812105179E-002   5.9562005102634430E-002   1.2861996889114380E-002
 LQ_TIMES:    3.8836985826492310E-002   9.9735021591186523E-002   1.2409985065460205E-002
 QR_TIMES:    5.9335000813007355E-002   6.5706998109817505E-002   1.2866005301475525E-002
 LQ_TIMES:    4.1476994752883911E-002  0.10007899999618530        1.2566000223159790E-002
 QR_TIMES:    7.2479993104934692E-002   6.7825995385646820E-002   1.3294994831085205E-002
 LQ_TIMES:    3.9685994386672974E-002   9.5575988292694092E-002   1.2542992830276489E-002
m=10000:n=220
 QR_TIMES:    6.8142004311084747E-002   6.8110994994640350E-002   1.3851001858711243E-002
 LQ_TIMES:    4.3612003326416016E-002  0.13268098235130310        1.4002978801727295E-002
 QR_TIMES:    7.3803007602691650E-002   7.0342004299163818E-002   1.3828992843627930E-002
 LQ_TIMES:    4.2688995599746704E-002  0.11150100827217102        1.4525026082992554E-002
 QR_TIMES:    6.9407001137733459E-002   7.1345008909702301E-002   1.4571011066436768E-002
 LQ_TIMES:    4.4315010309219360E-002  0.14368501305580139        1.4041006565093994E-002
 QR_TIMES:    6.9788001477718353E-002   7.0208996534347534E-002   1.4342993497848511E-002
 LQ_TIMES:    4.4545978307723999E-002  0.11931601166725159        1.4099001884460449E-002
 QR_TIMES:    7.4975997209548950E-002   6.8231999874114990E-002   1.3907000422477722E-002
 LQ_TIMES:    4.2336016893386841E-002  0.10988298058509827        1.5147984027862549E-002
m=10000:n=230
 QR_TIMES:    8.1591010093688965E-002   7.9112008213996887E-002   1.6873002052307129E-002
 LQ_TIMES:    4.3281018733978271E-002  0.13486099243164062        1.5025019645690918E-002
 QR_TIMES:    7.9343006014823914E-002   7.9303011298179626E-002   1.5146002173423767E-002
 LQ_TIMES:    4.4036984443664551E-002  0.13394698500633240        1.4621973037719727E-002
 QR_TIMES:    7.9644992947578430E-002   8.3652004599571228E-002   1.5184000134468079E-002
 LQ_TIMES:    4.8717975616455078E-002  0.13117301464080811        1.4627039432525635E-002
 QR_TIMES:    7.7638998627662659E-002   8.2781001925468445E-002   1.5296012163162231E-002
 LQ_TIMES:    4.4081985950469971E-002  0.12640100717544556        1.4613986015319824E-002
 QR_TIMES:    7.6696000993251801E-002   8.8689997792243958E-002   1.5358999371528625E-002
 LQ_TIMES:    4.6716988086700439E-002  0.15489098429679871        1.4612972736358643E-002
m=10000:n=240
 QR_TIMES:    9.9396005272865295E-002   9.0902000665664673E-002   1.6934007406234741E-002
 LQ_TIMES:    5.0093024969100952E-002  0.15158000588417053        1.5129983425140381E-002
 QR_TIMES:    9.2260003089904785E-002   9.4120010733604431E-002   1.5949994325637817E-002
 LQ_TIMES:    5.2840024232864380E-002  0.15147003531455994        1.5037000179290771E-002
 QR_TIMES:    9.3001991510391235E-002   9.4253003597259521E-002   1.7583012580871582E-002
 LQ_TIMES:    4.9717009067535400E-002  0.14935001730918884        1.5008985996246338E-002
 QR_TIMES:   0.11322200298309326       0.11541798710823059        1.7040014266967773E-002
 LQ_TIMES:    5.0597012042999268E-002  0.15933200716972351        1.5048980712890625E-002
 QR_TIMES:    9.1179996728897095E-002   9.1666996479034424E-002   1.5957981348037720E-002
 LQ_TIMES:    5.3449004888534546E-002  0.14926403760910034        1.4998972415924072E-002
m=10000:n=250
 QR_TIMES:   0.10414400696754456       0.10359899699687958        1.7531007528305054E-002
 LQ_TIMES:    5.2134990692138672E-002  0.17646500468254089        2.0310997962951660E-002
 QR_TIMES:   0.10873199999332428       0.10491998493671417        1.7556995153427124E-002
 LQ_TIMES:    5.1294982433319092E-002  0.17946803569793701        1.9379973411560059E-002
 QR_TIMES:   0.11040700972080231       0.10827800631523132        1.7414003610610962E-002
 LQ_TIMES:    5.2311003208160400E-002  0.17401701211929321        1.7234027385711670E-002
 QR_TIMES:   0.10248299688100815       0.10175399482250214        1.7371028661727905E-002
 LQ_TIMES:    5.1612019538879395E-002  0.17150998115539551        1.7732024192810059E-002
 QR_TIMES:   0.10111300647258759        9.8987013101577759E-002   1.7342001199722290E-002
 LQ_TIMES:    5.1171988248825073E-002  0.17960497736930847        1.7175018787384033E-002
m=10000:n=260
 QR_TIMES:   0.11320699751377106       0.11091199517250061        1.9075006246566772E-002
 LQ_TIMES:    5.9269011020660400E-002  0.21659898757934570        1.7920970916748047E-002
 QR_TIMES:   0.11334600299596786       0.11075098812580109        1.8475025892257690E-002
 LQ_TIMES:    5.7523012161254883E-002  0.19971898198127747        1.9459009170532227E-002
 QR_TIMES:   0.11842699348926544       0.11751399934291840        1.8677026033401489E-002
 LQ_TIMES:    5.5628985166549683E-002  0.18684199452400208        1.7962992191314697E-002
 QR_TIMES:   0.11396399140357971       0.11390601098537445        1.8772006034851074E-002
 LQ_TIMES:    5.6819021701812744E-002  0.19630801677703857        1.8019974231719971E-002
 QR_TIMES:   0.11379700899124146       0.11405099928379059        1.8588989973068237E-002
 LQ_TIMES:    5.6303024291992188E-002  0.19565799832344055        1.8025994300842285E-002
m=10000:n=270
 QR_TIMES:   0.14421001076698303       0.13961301743984222        2.0635992288589478E-002
 LQ_TIMES:    5.7859987020492554E-002  0.21594995260238647        2.0308971405029297E-002
 QR_TIMES:   0.13141000270843506       0.13206899166107178        1.9924014806747437E-002
 LQ_TIMES:    5.7902008295059204E-002  0.22410398721694946        2.0183026790618896E-002
 QR_TIMES:   0.13627099990844727       0.12665301561355591        1.9897997379302979E-002
 LQ_TIMES:    6.2227010726928711E-002  0.21247899532318115        1.9762992858886719E-002
 QR_TIMES:   0.13220000267028809       0.13269799947738647        2.1661996841430664E-002
 LQ_TIMES:    6.0362011194229126E-002  0.23703801631927490        2.0181000232696533E-002
 QR_TIMES:   0.12623600661754608       0.12964899837970734        1.9807010889053345E-002
 LQ_TIMES:    5.8909982442855835E-002  0.20823699235916138        1.9659996032714844E-002
m=10000:n=280
 QR_TIMES:   0.14560401439666748       0.15444499254226685        2.1171003580093384E-002
 LQ_TIMES:    6.3119947910308838E-002  0.23175096511840820        1.9968032836914062E-002
 QR_TIMES:   0.13818599283695221       0.15315200388431549        2.1254986524581909E-002
 LQ_TIMES:    6.2140047550201416E-002  0.23600995540618896        2.1430015563964844E-002
 QR_TIMES:   0.14002399146556854       0.14162299036979675        2.0999014377593994E-002
 LQ_TIMES:    6.3308000564575195E-002  0.23520100116729736        1.9995987415313721E-002
 QR_TIMES:   0.14045399427413940       0.14307898283004761        2.0987004041671753E-002
 LQ_TIMES:    6.1591029167175293E-002  0.22742903232574463        1.9890010356903076E-002
 QR_TIMES:   0.15254899859428406       0.15260499715805054        2.1423995494842529E-002
 LQ_TIMES:    6.2273025512695312E-002  0.24843698740005493        2.0049035549163818E-002
m=10000:n=290
 QR_TIMES:   0.15669998526573181       0.16432800889015198        2.2517979145050049E-002
 LQ_TIMES:    6.9615006446838379E-002  0.29296201467514038        2.2199034690856934E-002
 QR_TIMES:   0.15781199932098389       0.15473999083042145        2.2285997867584229E-002
 LQ_TIMES:    6.6918969154357910E-002  0.27796798944473267        2.2276937961578369E-002
 QR_TIMES:   0.15776699781417847       0.16075800359249115        2.2769987583160400E-002
 LQ_TIMES:    7.0200979709625244E-002  0.28001803159713745        2.2230029106140137E-002
 QR_TIMES:   0.15694499015808105       0.16824999451637268        2.2902995347976685E-002
 LQ_TIMES:    6.6220998764038086E-002  0.28077596426010132        2.4269044399261475E-002
 QR_TIMES:   0.16324900090694427       0.17942599952220917        2.3013025522232056E-002
 LQ_TIMES:    6.6550970077514648E-002  0.30014705657958984        2.2312045097351074E-002
m=10000:n=300
 QR_TIMES:   0.17676898837089539       0.17294099926948547        2.4383991956710815E-002
 LQ_TIMES:    7.0755004882812500E-002  0.26591897010803223        2.2513985633850098E-002
 QR_TIMES:   0.17353999614715576       0.17802700400352478        2.3809015750885010E-002
 LQ_TIMES:    6.9263994693756104E-002  0.27443701028823853        2.2595047950744629E-002
 QR_TIMES:   0.17342901229858398       0.17589399218559265        2.3503005504608154E-002
 LQ_TIMES:    7.2997987270355225E-002  0.29024302959442139        2.2681951522827148E-002
 QR_TIMES:   0.17609798908233643       0.17315599322319031        2.3485004901885986E-002
 LQ_TIMES:    7.0985019207000732E-002  0.27189999818801880        2.2830963134765625E-002
 QR_TIMES:   0.17530798912048340       0.18143400549888611        2.3925989866256714E-002
 LQ_TIMES:    7.0237994194030762E-002  0.28838402032852173        2.2488951683044434E-002
m=10000:n=310
 QR_TIMES:   0.19619798660278320       0.18655401468276978        2.7173995971679688E-002
 LQ_TIMES:    7.0563018321990967E-002  0.29094004631042480        2.3239970207214355E-002
 QR_TIMES:   0.18660402297973633       0.18594500422477722        2.4708986282348633E-002
 LQ_TIMES:    7.2481036186218262E-002  0.28583997488021851        2.2982001304626465E-002
 QR_TIMES:   0.18926298618316650       0.19011899828910828        2.4326980113983154E-002
 LQ_TIMES:    7.1720004081726074E-002  0.30869495868682861        2.3477077484130859E-002
 QR_TIMES:   0.18897297978401184       0.19498699903488159        2.4670004844665527E-002
 LQ_TIMES:    7.0977032184600830E-002  0.29207998514175415        2.2974014282226562E-002
 QR_TIMES:   0.18520298600196838       0.18363898992538452        2.4518966674804688E-002
 LQ_TIMES:    7.1296036243438721E-002  0.29403406381607056        2.2895932197570801E-002
m=10000:n=320
 QR_TIMES:   0.20158198475837708       0.20106300711631775        2.6132047176361084E-002
 LQ_TIMES:    9.1237008571624756E-002  0.35054695606231689        2.5377035140991211E-002
 QR_TIMES:   0.21337099373340607       0.20717698335647583        2.6293992996215820E-002
 LQ_TIMES:    8.8442027568817139E-002  0.35850501060485840        2.5763034820556641E-002
 QR_TIMES:   0.20269599556922913       0.20828002691268921        2.6096999645233154E-002
 LQ_TIMES:    8.9726030826568604E-002  0.35204899311065674        2.5349974632263184E-002
 QR_TIMES:   0.20175099372863770       0.21725898981094360        2.6650011539459229E-002
 LQ_TIMES:    8.8329017162322998E-002  0.33331602811813354        2.5377988815307617E-002
 QR_TIMES:   0.20443201065063477       0.20750299096107483        2.6289999485015869E-002
 LQ_TIMES:    9.2504978179931641E-002  0.35381394624710083        2.5426983833312988E-002
m=10000:n=330
 QR_TIMES:   0.22196801006793976       0.22167196869850159        2.7719974517822266E-002
 LQ_TIMES:    8.1766009330749512E-002  0.37338697910308838        2.5815963745117188E-002
 QR_TIMES:   0.24095001816749573       0.23331999778747559        2.7803003787994385E-002
 LQ_TIMES:    8.1978976726531982E-002  0.36546707153320312        2.6463031768798828E-002
 QR_TIMES:   0.22282898426055908       0.24018001556396484        2.7637004852294922E-002
 LQ_TIMES:    8.1376016139984131E-002  0.34510505199432373        2.5815963745117188E-002
 QR_TIMES:   0.22189599275588989       0.21813401579856873        2.8825998306274414E-002
 LQ_TIMES:    8.1932961940765381E-002  0.34701699018478394        2.5799036026000977E-002
 QR_TIMES:   0.22527301311492920       0.22412499785423279        2.7792036533355713E-002
 LQ_TIMES:    8.0613017082214355E-002  0.35985404253005981        2.6077985763549805E-002
m=10000:n=340
 QR_TIMES:   0.23861399292945862       0.23331302404403687        3.1080007553100586E-002
 LQ_TIMES:    8.7006986141204834E-002  0.39496004581451416        2.8398990631103516E-002
 QR_TIMES:   0.25134199857711792       0.25199300050735474        2.9537022113800049E-002
 LQ_TIMES:    8.7653994560241699E-002  0.38744199275970459        2.8613924980163574E-002
 QR_TIMES:   0.25144401192665100       0.25584200024604797        3.2219946384429932E-002
 LQ_TIMES:    9.1952025890350342E-002  0.41172695159912109        2.8447985649108887E-002
 QR_TIMES:   0.23460900783538818       0.24104598164558411        2.8759002685546875E-002
 LQ_TIMES:    8.8847041130065918E-002  0.40650099515914917        2.8484940528869629E-002
 QR_TIMES:   0.23429998755455017       0.23291701078414917        2.8792023658752441E-002
 LQ_TIMES:    8.9976012706756592E-002  0.40178602933883667        2.9788970947265625E-002
m=10000:n=350
 QR_TIMES:   0.26152500510215759       0.26714199781417847        2.9555976390838623E-002
 LQ_TIMES:    9.0269029140472412E-002  0.41434496641159058        2.8699994087219238E-002
 QR_TIMES:   0.25861600041389465       0.25433701276779175        2.9707014560699463E-002
 LQ_TIMES:    8.8263988494873047E-002  0.41993206739425659        2.8694987297058105E-002
 QR_TIMES:   0.25409299135208130       0.25521701574325562        2.9629945755004883E-002
 LQ_TIMES:    9.0205967426300049E-002  0.41362190246582031        2.8829097747802734E-002
 QR_TIMES:   0.25520598888397217       0.26099100708961487        2.9716968536376953E-002
 LQ_TIMES:    8.8280022144317627E-002  0.43250501155853271        2.8928041458129883E-002
 QR_TIMES:   0.26099598407745361       0.25573697686195374        2.9450953006744385E-002
 LQ_TIMES:    8.7175965309143066E-002  0.41409403085708618        2.8570055961608887E-002
m=10000:n=360
 QR_TIMES:   0.28490900993347168       0.28346398472785950        3.2442986965179443E-002
 LQ_TIMES:    9.2709004878997803E-002  0.44955098628997803        2.9280900955200195E-002
 QR_TIMES:   0.27144798636436462       0.27161899209022522        3.1903982162475586E-002
 LQ_TIMES:    9.4228982925415039E-002  0.46517491340637207        2.9066085815429688E-002
 QR_TIMES:   0.26762700080871582       0.26911297440528870        3.1715989112854004E-002
 LQ_TIMES:    9.9640011787414551E-002  0.44957596063613892        2.9150962829589844E-002
 QR_TIMES:   0.28326702117919922       0.27014502882957458        3.1711041927337646E-002
 LQ_TIMES:    9.1237008571624756E-002  0.42887806892395020        3.0365943908691406E-002
 QR_TIMES:   0.27544400095939636       0.29028400778770447        3.2588005065917969E-002
 LQ_TIMES:    9.2869997024536133E-002  0.43468904495239258        2.9198050498962402E-002
m=10000:n=370
 QR_TIMES:   0.30143201351165771       0.30621200799942017        3.4727990627288818E-002
 LQ_TIMES:   0.10121601819992065       0.47060704231262207        3.2698035240173340E-002
 QR_TIMES:   0.32432699203491211       0.31448602676391602        3.5622000694274902E-002
 LQ_TIMES:    9.5870971679687500E-002  0.47024595737457275        3.2053112983703613E-002
 QR_TIMES:   0.28665798902511597       0.28823900222778320        3.5629987716674805E-002
 LQ_TIMES:    9.8859071731567383E-002  0.48704493045806885        3.2225966453552246E-002
 QR_TIMES:   0.29824599623680115       0.30220901966094971        3.3728957176208496E-002
 LQ_TIMES:    9.7287058830261230E-002  0.48978900909423828        3.4491062164306641E-002
 QR_TIMES:   0.29673302173614502       0.29347798228263855        3.6009967327117920E-002
 LQ_TIMES:    9.7987949848175049E-002  0.46440494060516357        3.2115936279296875E-002
m=10000:n=380
 QR_TIMES:   0.30712500214576721       0.30465301871299744        3.5521984100341797E-002
 LQ_TIMES:   0.10577392578125000       0.51785194873809814        3.3151149749755859E-002
 QR_TIMES:   0.32181900739669800       0.31905299425125122        3.5093009471893311E-002
 LQ_TIMES:   0.10443103313446045       0.51256799697875977        3.2745122909545898E-002
 QR_TIMES:   0.30742502212524414       0.31571802496910095        3.4757018089294434E-002
 LQ_TIMES:   0.10732197761535645       0.49263799190521240        3.2678961753845215E-002
 QR_TIMES:   0.31296500563621521       0.32043999433517456        3.6975026130676270E-002
 LQ_TIMES:   0.10627496242523193       0.49510598182678223        3.2588958740234375E-002
 QR_TIMES:   0.32051497697830200       0.33114403486251831        3.5080015659332275E-002
 LQ_TIMES:   0.10622096061706543       0.50559008121490479        3.2637000083923340E-002
m=10000:n=390
 QR_TIMES:   0.33338299393653870       0.33413398265838623        3.6920964717864990E-002
 LQ_TIMES:   0.10694503784179688       0.54259693622589111        3.6491870880126953E-002
 QR_TIMES:   0.32306200265884399       0.33209899067878723        3.6895990371704102E-002
 LQ_TIMES:   0.10881805419921875       0.52339410781860352        3.5930037498474121E-002
 QR_TIMES:   0.35120499134063721       0.34118598699569702        3.6498963832855225E-002
 LQ_TIMES:   0.10562193393707275       0.54918694496154785        3.5875082015991211E-002
 QR_TIMES:   0.33598497509956360       0.33162999153137207        3.6719024181365967E-002
 LQ_TIMES:   0.11055195331573486       0.55488002300262451        3.6309957504272461E-002
 QR_TIMES:   0.32637700438499451       0.33512303233146667        3.6790013313293457E-002
 LQ_TIMES:   0.10747003555297852       0.54271304607391357        3.6559939384460449E-002
m=10000:n=400
 QR_TIMES:   0.38282501697540283       0.40714100003242493        3.9609074592590332E-002
 LQ_TIMES:   0.11802887916564941       0.55404710769653320        3.6401987075805664E-002
 QR_TIMES:   0.36327800154685974       0.36083897948265076        4.0301978588104248E-002
 LQ_TIMES:   0.11334300041198730       0.56171786785125732        3.6386013031005859E-002
 QR_TIMES:   0.36700299382209778       0.35980999469757080        3.9855957031250000E-002
 LQ_TIMES:   0.11798298358917236       0.56338500976562500        3.6715030670166016E-002
 QR_TIMES:   0.37291499972343445       0.36858201026916504        4.1575014591217041E-002
 LQ_TIMES:   0.11702096462249756       0.54858291149139404        3.6184787750244141E-002
 QR_TIMES:   0.37477898597717285       0.36624601483345032        4.1429996490478516E-002
 LQ_TIMES:   0.11319303512573242       0.55270195007324219        3.6731958389282227E-002
m=10000:n=410
 QR_TIMES:   0.38455900549888611       0.38466298580169678        4.4916033744812012E-002
 LQ_TIMES:   0.11841404438018799       0.57735300064086914        3.9423942565917969E-002
 QR_TIMES:   0.38109397888183594       0.38456398248672485        4.2259931564331055E-002
 LQ_TIMES:   0.12165307998657227       0.60673201084136963        4.1558980941772461E-002
 QR_TIMES:   0.37132999300956726       0.39799103140830994        4.1558027267456055E-002
 LQ_TIMES:   0.11486101150512695       0.61229109764099121        4.0924072265625000E-002
 QR_TIMES:   0.37278997898101807       0.38224899768829346        4.0722966194152832E-002
 LQ_TIMES:   0.12004303932189941       0.57956600189208984        3.9892911911010742E-002
 QR_TIMES:   0.39190900325775146       0.38601398468017578        4.1013956069946289E-002
 LQ_TIMES:   0.11514604091644287       0.59272897243499756        3.9427995681762695E-002
m=10000:n=420
 QR_TIMES:   0.41067802906036377       0.39999699592590332        4.2912006378173828E-002
 LQ_TIMES:   0.12165498733520508       0.62334096431732178        4.0623903274536133E-002
 QR_TIMES:   0.39860603213310242       0.40062499046325684        4.3859004974365234E-002
 LQ_TIMES:   0.12384700775146484       0.63039290904998779        4.0162086486816406E-002
 QR_TIMES:   0.42657697200775146       0.40424096584320068        4.4100999832153320E-002
 LQ_TIMES:   0.12610697746276855       0.61536002159118652        4.0297985076904297E-002
 QR_TIMES:   0.40550100803375244       0.39579004049301147        4.2680978775024414E-002
 LQ_TIMES:   0.12126696109771729       0.61877107620239258        4.0333032608032227E-002
 QR_TIMES:   0.40147396922111511       0.40573602914810181        4.3991088867187500E-002
 LQ_TIMES:   0.12027597427368164       0.63594293594360352        4.0903806686401367E-002
m=10000:n=430
 QR_TIMES:   0.41847300529479980       0.42173600196838379        4.4090032577514648E-002
 LQ_TIMES:   0.12397706508636475       0.64138686656951904        4.1370153427124023E-002
 QR_TIMES:   0.42630800604820251       0.41919600963592529        4.3257951736450195E-002
 LQ_TIMES:   0.12180495262145996       0.63361287117004395        4.0694952011108398E-002
 QR_TIMES:   0.42597401142120361       0.41860002279281616        4.3668985366821289E-002
 LQ_TIMES:   0.12261402606964111       0.63368391990661621        4.0668010711669922E-002
 QR_TIMES:   0.42705199122428894       0.43601101636886597        4.4034957885742188E-002
 LQ_TIMES:   0.12425005435943604       0.64098012447357178        4.0458202362060547E-002
 QR_TIMES:   0.43487596511840820       0.42299199104309082        4.3338060379028320E-002
 LQ_TIMES:   0.12034296989440918       0.64933490753173828        4.1302919387817383E-002
m=10000:n=440
 QR_TIMES:   0.46560698747634888       0.45588904619216919        4.6182990074157715E-002
 LQ_TIMES:   0.13071501255035400       0.68640184402465820        4.4206142425537109E-002
 QR_TIMES:   0.43083000183105469       0.45676505565643311        4.6646952629089355E-002
 LQ_TIMES:   0.13236403465270996       0.67085409164428711        4.5903921127319336E-002
 QR_TIMES:   0.45390397310256958       0.45504099130630493        4.6086907386779785E-002
 LQ_TIMES:   0.13167297840118408       0.69681406021118164        4.4196844100952148E-002
 QR_TIMES:   0.44847500324249268       0.46529895067214966        4.5655012130737305E-002
 LQ_TIMES:   0.13107705116271973       0.67117500305175781        4.4081926345825195E-002
 QR_TIMES:   0.45515099167823792       0.47200697660446167        4.6252012252807617E-002
 LQ_TIMES:   0.13037800788879395       0.69297993183135986        4.4296979904174805E-002
m=10000:n=450
 QR_TIMES:   0.47159701585769653       0.47918897867202759        4.8734903335571289E-002
 LQ_TIMES:   0.13961291313171387       0.75448191165924072        4.6557903289794922E-002
 QR_TIMES:   0.48428797721862793       0.47686803340911865        4.8815965652465820E-002
 LQ_TIMES:   0.13710594177246094       0.73092007637023926        4.6113967895507812E-002
 QR_TIMES:   0.47511699795722961       0.47040796279907227        5.0583958625793457E-002
 LQ_TIMES:   0.13352096080780029       0.70606780052185059        4.5208930969238281E-002
 QR_TIMES:   0.47441503405570984       0.47519797086715698        4.8699021339416504E-002
 LQ_TIMES:   0.13288998603820801       0.76648211479187012        4.5202016830444336E-002
 QR_TIMES:   0.46804499626159668       0.46942502260208130        4.8545002937316895E-002
 LQ_TIMES:   0.13402199745178223       0.75524306297302246        4.8878908157348633E-002
m=10000:n=460
 QR_TIMES:   0.51138597726821899       0.49584698677062988        5.0632953643798828E-002
 LQ_TIMES:   0.14572596549987793       0.78218889236450195        4.8515081405639648E-002
 QR_TIMES:   0.49057102203369141       0.49060899019241333        5.2366971969604492E-002
 LQ_TIMES:   0.14031291007995605       0.76790606975555420        5.0034999847412109E-002
 QR_TIMES:   0.50758796930313110       0.51064997911453247        5.0951004028320312E-002
 LQ_TIMES:   0.14163899421691895       0.74938797950744629        4.9692869186401367E-002
 QR_TIMES:   0.48979002237319946       0.49785894155502319        5.1126003265380859E-002
 LQ_TIMES:   0.14202892780303955       0.78075814247131348        4.8828840255737305E-002
 QR_TIMES:   0.49153098464012146       0.49268198013305664        5.1593065261840820E-002
 LQ_TIMES:   0.13991701602935791       0.75245809555053711        4.8575878143310547E-002
m=10000:n=470
 QR_TIMES:   0.51280999183654785       0.52222996950149536        5.2073001861572266E-002
 LQ_TIMES:   0.14398598670959473       0.78278684616088867        5.0347805023193359E-002
 QR_TIMES:   0.52959597110748291       0.52322399616241455        5.1576018333435059E-002
 LQ_TIMES:   0.14856505393981934       0.82176804542541504        4.9352169036865234E-002
 QR_TIMES:   0.51823598146438599       0.51531898975372314        5.2170038223266602E-002
 LQ_TIMES:   0.14284300804138184       0.78417205810546875        5.1169872283935547E-002
 QR_TIMES:   0.53643000125885010       0.53686797618865967        5.1867961883544922E-002
 LQ_TIMES:   0.14142405986785889       0.77718698978424072        4.9478054046630859E-002
 QR_TIMES:   0.52328801155090332       0.53375595808029175        5.1442027091979980E-002
 LQ_TIMES:   0.15257096290588379       0.79220688343048096        4.9534797668457031E-002
m=10000:n=480
 QR_TIMES:   0.55965101718902588       0.56267797946929932        5.5603027343750000E-002
 LQ_TIMES:   0.16613006591796875       0.84538102149963379        5.0227880477905273E-002
 QR_TIMES:   0.54951202869415283       0.56134599447250366        5.3938031196594238E-002
 LQ_TIMES:   0.16796195507049561       0.83783102035522461        5.0163984298706055E-002
 QR_TIMES:   0.55001902580261230       0.55049800872802734        5.4172992706298828E-002
 LQ_TIMES:   0.18060195446014404       0.84877097606658936        5.0055980682373047E-002
 QR_TIMES:   0.55031800270080566       0.54042303562164307        5.5852055549621582E-002
 LQ_TIMES:   0.16763901710510254       0.83130407333374023        5.0165176391601562E-002
 QR_TIMES:   0.55099499225616455       0.56686401367187500        5.4214000701904297E-002
 LQ_TIMES:   0.16770696640014648       0.86050701141357422        5.0458908081054688E-002
m=10000:n=490
 QR_TIMES:   0.57835000753402710       0.57532399892807007        5.7894945144653320E-002
 LQ_TIMES:   0.16470694541931152       0.90009903907775879        5.5103063583374023E-002
 QR_TIMES:   0.58273196220397949       0.58240503072738647        5.8633089065551758E-002
 LQ_TIMES:   0.16218698024749756       0.89250695705413818        5.5717945098876953E-002
 QR_TIMES:   0.59118098020553589       0.58087700605392456        5.7708024978637695E-002
 LQ_TIMES:   0.15974509716033936       0.91698408126831055        5.4267883300781250E-002
 QR_TIMES:   0.57793098688125610       0.56620001792907715        5.6975960731506348E-002
 LQ_TIMES:   0.15607309341430664       0.88262104988098145        5.4326057434082031E-002
 QR_TIMES:   0.57120901346206665       0.56953293085098267        5.8817028999328613E-002
 LQ_TIMES:   0.15867698192596436       0.88495397567749023        5.4361104965209961E-002
m=10000:n=500
 QR_TIMES:   0.62250095605850220       0.60114991664886475        5.9986948966979980E-002
 LQ_TIMES:   0.16375303268432617       0.91982507705688477        5.6210994720458984E-002
 QR_TIMES:   0.63892704248428345       0.60768800973892212        6.0117006301879883E-002
 LQ_TIMES:   0.16456794738769531       0.94695615768432617        5.7962894439697266E-002
 QR_TIMES:   0.62490695714950562       0.63866007328033447        5.9113979339599609E-002
 LQ_TIMES:   0.16263890266418457       0.91515898704528809        5.5434942245483398E-002
 QR_TIMES:   0.59495097398757935       0.63067609071731567        6.0277938842773438E-002
 LQ_TIMES:   0.16725993156433105       0.93295311927795410        5.5434942245483398E-002
 QR_TIMES:   0.59667700529098511       0.62674301862716675        6.2093019485473633E-002
 LQ_TIMES:   0.16272497177124023       0.91946303844451904        5.5244922637939453E-002
m=10000:n=510
 QR_TIMES:   0.63698196411132812       0.62632602453231812        6.1453104019165039E-002
 LQ_TIMES:   0.23727202415466309        1.0299718379974365        6.0498952865600586E-002
 QR_TIMES:   0.62269103527069092       0.63856703042984009        6.1475992202758789E-002
 LQ_TIMES:   0.23837494850158691        1.0727119445800781        6.0104846954345703E-002
 QR_TIMES:   0.61899000406265259       0.62497395277023315        6.0819983482360840E-002
 LQ_TIMES:   0.23892092704772949        1.0511989593505859        6.0405969619750977E-002
 QR_TIMES:   0.61878502368927002       0.61446803808212280        6.1336040496826172E-002
 LQ_TIMES:   0.23478293418884277        1.0416729450225830        6.1817884445190430E-002
 QR_TIMES:   0.61863005161285400       0.62484103441238403        6.0800909996032715E-002
 LQ_TIMES:   0.24078094959259033        1.0743501186370850        6.2379121780395508E-002
m=10000:n=520
 QR_TIMES:   0.65330302715301514       0.65172302722930908        6.8885087966918945E-002
 LQ_TIMES:   0.18275189399719238       0.98289489746093750        6.4465999603271484E-002
 QR_TIMES:   0.67253804206848145       0.68846595287322998        6.7370891571044922E-002
 LQ_TIMES:   0.17612099647521973        1.0083999633789062        6.5487146377563477E-002
 QR_TIMES:   0.65189802646636963       0.64553904533386230        6.4100027084350586E-002
 LQ_TIMES:   0.18901491165161133        1.0093080997467041        6.2083005905151367E-002
 QR_TIMES:   0.66113197803497314       0.70018303394317627        6.5307974815368652E-002
 LQ_TIMES:   0.17521905899047852        1.0155689716339111        6.2530040740966797E-002
 QR_TIMES:   0.64789497852325439       0.71497303247451782        6.3721895217895508E-002
 LQ_TIMES:   0.18133306503295898        1.0269701480865479        6.4296960830688477E-002
m=10000:n=530
 QR_TIMES:   0.68007302284240723       0.69549208879470825        7.0002079010009766E-002
 LQ_TIMES:   0.17519307136535645        1.0897378921508789        6.6296815872192383E-002
 QR_TIMES:   0.71227598190307617       0.68221992254257202        7.0363998413085938E-002
 LQ_TIMES:   0.18361711502075195        1.0748050212860107        6.8852186203002930E-002
 QR_TIMES:   0.71963798999786377       0.70138198137283325        6.7884087562561035E-002
 LQ_TIMES:   0.18126201629638672        1.0307528972625732        6.6157102584838867E-002
 QR_TIMES:   0.69735097885131836       0.69293999671936035        6.8474054336547852E-002
 LQ_TIMES:   0.18206000328063965        1.0291450023651123        6.6864013671875000E-002
 QR_TIMES:   0.68571400642395020       0.71518701314926147        6.7376017570495605E-002
 LQ_TIMES:   0.18374681472778320        1.0437722206115723        6.6632032394409180E-002
m=10000:n=540
 QR_TIMES:   0.69846999645233154       0.71353203058242798        7.1063041687011719E-002
 LQ_TIMES:   0.18498706817626953        1.0407800674438477        6.8499088287353516E-002
 QR_TIMES:   0.70582497119903564       0.70391595363616943        6.9943904876708984E-002
 LQ_TIMES:   0.18698287010192871        1.0896179676055908        6.9144010543823242E-002
 QR_TIMES:   0.70998901128768921       0.70941603183746338        6.9903016090393066E-002
 LQ_TIMES:   0.19431900978088379        1.0612699985504150        6.6927194595336914E-002
 QR_TIMES:   0.72223794460296631       0.72376096248626709        7.1375966072082520E-002
 LQ_TIMES:   0.18609690666198730        1.1491141319274902        6.7171812057495117E-002
 QR_TIMES:   0.72010397911071777       0.70843499898910522        6.9594860076904297E-002
 LQ_TIMES:   0.18783307075500488        1.1107971668243408        6.7395925521850586E-002
m=10000:n=550
 QR_TIMES:   0.75938099622726440       0.76542598009109497        7.0589065551757812E-002
 LQ_TIMES:   0.18708610534667969        1.1261539459228516        6.7256212234497070E-002
 QR_TIMES:   0.76215803623199463       0.74224001169204712        7.3757171630859375E-002
 LQ_TIMES:   0.18611502647399902        1.1014888286590576        6.7821979522705078E-002
 QR_TIMES:   0.75400400161743164       0.76160496473312378        7.0507884025573730E-002
 LQ_TIMES:   0.18218111991882324        1.1810867786407471        6.7453861236572266E-002
 QR_TIMES:   0.73989796638488770       0.72271299362182617        7.1483969688415527E-002
 LQ_TIMES:   0.18052387237548828        1.0672719478607178        6.8201065063476562E-002
 QR_TIMES:   0.73548299074172974       0.74933302402496338        7.0736050605773926E-002
 LQ_TIMES:   0.18358588218688965        1.1215729713439941        6.8081140518188477E-002
m=10000:n=560
 QR_TIMES:   0.78149801492691040       0.78200006484985352        7.9691052436828613E-002
 LQ_TIMES:   0.21921300888061523        1.1606500148773193        7.1346282958984375E-002
 QR_TIMES:   0.75885999202728271       0.77365595102310181        7.3245048522949219E-002
 LQ_TIMES:   0.21666693687438965        1.1433560848236084        7.1711301803588867E-002
 QR_TIMES:   0.78066599369049072       0.77134394645690918        7.1978092193603516E-002
 LQ_TIMES:   0.22209596633911133        1.1476950645446777        7.1075916290283203E-002
 QR_TIMES:   0.77603399753570557       0.78811508417129517        7.2135925292968750E-002
 LQ_TIMES:   0.21993017196655273        1.1721668243408203        7.1462154388427734E-002
 QR_TIMES:   0.78451502323150635       0.79772299528121948        7.5702905654907227E-002
 LQ_TIMES:   0.22059106826782227        1.1665828227996826        7.1452140808105469E-002
m=10000:n=570
 QR_TIMES:   0.78486800193786621       0.79038107395172119        7.8070163726806641E-002
 LQ_TIMES:   0.20067405700683594        1.2279238700866699        7.5185298919677734E-002
 QR_TIMES:   0.80021899938583374       0.79988700151443481        7.4881076812744141E-002
 LQ_TIMES:   0.19883394241333008        1.2724502086639404        7.1928024291992188E-002
 QR_TIMES:   0.78890395164489746       0.79197400808334351        7.6824069023132324E-002
 LQ_TIMES:   0.19609498977661133        1.1995799541473389        7.2156906127929688E-002
 QR_TIMES:   0.81304597854614258       0.79453706741333008        7.7764987945556641E-002
 LQ_TIMES:   0.20014309883117676        1.2449560165405273        7.1877002716064453E-002
 QR_TIMES:   0.80640399456024170       0.80896210670471191        7.6256036758422852E-002
 LQ_TIMES:   0.19622111320495605        1.1868128776550293        7.3989391326904297E-002
m=10000:n=580
 QR_TIMES:   0.84283006191253662       0.84211897850036621        8.0634117126464844E-002
 LQ_TIMES:   0.21298313140869141        1.3243250846862793        7.7879905700683594E-002
 QR_TIMES:   0.83565700054168701       0.83819603919982910        7.9758167266845703E-002
 LQ_TIMES:   0.20891594886779785        1.2939510345458984        7.7816009521484375E-002
 QR_TIMES:   0.84193092584609985       0.85234785079956055        7.9663038253784180E-002
 LQ_TIMES:   0.21328711509704590        1.3027150630950928        7.7096939086914062E-002
 QR_TIMES:   0.84659492969512939       0.86112892627716064        7.7683925628662109E-002
 LQ_TIMES:   0.21561908721923828        1.2985470294952393        7.7260017395019531E-002
 QR_TIMES:   0.84011000394821167       0.83482599258422852        7.8311920166015625E-002
 LQ_TIMES:   0.21826601028442383        1.3236348628997803        7.6388835906982422E-002
m=10000:n=590
 QR_TIMES:   0.85795998573303223       0.85750889778137207        7.9425096511840820E-002
 LQ_TIMES:   0.20981216430664062        1.3150358200073242        7.7389240264892578E-002
 QR_TIMES:   0.87061905860900879       0.85479795932769775        7.8885793685913086E-002
 LQ_TIMES:   0.20718288421630859        1.2774789333343506        7.9324722290039062E-002
 QR_TIMES:   0.85958296060562134       0.85466003417968750        8.0925941467285156E-002
 LQ_TIMES:   0.20818996429443359        1.2689909934997559        7.7452182769775391E-002
 QR_TIMES:   0.86724603176116943       0.85958099365234375        7.9883813858032227E-002
 LQ_TIMES:   0.20888113975524902        1.2654998302459717        7.8827857971191406E-002
 QR_TIMES:   0.86888301372528076       0.88504898548126221        7.9503059387207031E-002
 LQ_TIMES:   0.20950889587402344        1.2820839881896973        7.7186584472656250E-002
m=10000:n=600
 QR_TIMES:   0.90725594758987427       0.91356694698333740        8.1147909164428711E-002
 LQ_TIMES:   0.21829700469970703        1.3452191352844238        7.7388763427734375E-002
 QR_TIMES:   0.97649896144866943       0.91474103927612305        8.4562063217163086E-002
 LQ_TIMES:   0.21587014198303223        1.4020569324493408        7.7715396881103516E-002
 QR_TIMES:   0.89904505014419556       0.90468907356262207        8.0799102783203125E-002
 LQ_TIMES:   0.21828508377075195        1.3376710414886475        7.8041076660156250E-002
 QR_TIMES:   0.90801393985748291       0.90462803840637207        8.2463026046752930E-002
 LQ_TIMES:   0.22135496139526367        1.4064347743988037        7.7342033386230469E-002
 QR_TIMES:   0.91775900125503540       0.92153406143188477        8.4894895553588867E-002
 LQ_TIMES:   0.22375082969665527        1.3378877639770508        7.9023838043212891E-002
m=10000:n=610
 QR_TIMES:   0.94013798236846924       0.93397486209869385        8.5521936416625977E-002
 LQ_TIMES:   0.22294902801513672        1.3800721168518066        8.2797050476074219E-002
 QR_TIMES:   0.93537801504135132       0.94204413890838623        8.4704160690307617E-002
 LQ_TIMES:   0.22137618064880371        1.3894319534301758        8.9697837829589844E-002
 QR_TIMES:    1.0315980911254883       0.99090003967285156        8.5870981216430664E-002
 LQ_TIMES:   0.22146010398864746        1.3782079219818115        8.1888198852539062E-002
 QR_TIMES:   0.93758106231689453       0.94128894805908203        8.4774971008300781E-002
 LQ_TIMES:   0.21979093551635742        1.4208369255065918        8.5017681121826172E-002
 QR_TIMES:   0.98855096101760864       0.92238295078277588        8.6431980133056641E-002
 LQ_TIMES:   0.21914315223693848        1.3752567768096924        8.2397937774658203E-002
m=10000:n=620
 QR_TIMES:   0.96503704786300659       0.96086096763610840        8.8423967361450195E-002
 LQ_TIMES:   0.23377323150634766        1.4724297523498535        8.4964275360107422E-002
 QR_TIMES:    1.0069329738616943        1.0192649364471436        8.7322950363159180E-002
 LQ_TIMES:   0.23102998733520508        1.4496989250183105        8.5062980651855469E-002
 QR_TIMES:    1.0055469274520874       0.98471605777740479        8.7252855300903320E-002
 LQ_TIMES:   0.23339986801147461        1.4625458717346191        8.7232112884521484E-002
 QR_TIMES:   0.97809803485870361        1.0136049985885620        8.7262868881225586E-002
 LQ_TIMES:   0.23656582832336426        1.4049491882324219        8.4928512573242188E-002
 QR_TIMES:   0.97908401489257812       0.97263491153717041        8.6312055587768555E-002
 LQ_TIMES:   0.22904491424560547        1.4327039718627930        8.3452224731445312E-002
m=10000:n=630
 QR_TIMES:    1.0145449638366699        1.0241090059280396        9.0597152709960938E-002
 LQ_TIMES:   0.24422717094421387        1.4660327434539795        8.7790012359619141E-002
 QR_TIMES:    1.0314049720764160        1.0158339738845825        9.0608119964599609E-002
 LQ_TIMES:   0.23983097076416016        1.4475398063659668        8.9218616485595703E-002
 QR_TIMES:   0.99472194910049438        1.0156259536743164        8.8933944702148438E-002
 LQ_TIMES:   0.23631310462951660        1.4636301994323730        8.9192867279052734E-002
 QR_TIMES:    1.0054259300231934        1.0339629650115967        9.4096183776855469E-002
 LQ_TIMES:   0.24007105827331543        1.4501500129699707        8.7826251983642578E-002
 QR_TIMES:   0.99558305740356445        1.0179679393768311        9.3635082244873047E-002
 LQ_TIMES:   0.23264694213867188        1.4545779228210449        8.8107109069824219E-002
m=10000:n=640
 QR_TIMES:    1.0426480770111084        1.0309798717498779        9.3900203704833984E-002
 LQ_TIMES:   0.31155705451965332        1.6259641647338867        8.9087009429931641E-002
 QR_TIMES:    1.0392340421676636        1.0473599433898926        9.1829061508178711E-002
 LQ_TIMES:   0.31587505340576172        1.6336679458618164        9.0801715850830078E-002
 QR_TIMES:    1.0418030023574829        1.0394220352172852        9.1795921325683594E-002
 LQ_TIMES:   0.31087183952331543        1.6145880222320557        8.9950084686279297E-002
 QR_TIMES:    1.0544890165328979        1.0488499402999878        9.1601848602294922E-002
 LQ_TIMES:   0.31051802635192871        1.6118621826171875        8.9920043945312500E-002
 QR_TIMES:    1.0452369451522827        1.0411909818649292        9.1253042221069336E-002
 LQ_TIMES:   0.30792403221130371        1.5989491939544678        9.0601921081542969E-002
m=10000:n=650
 QR_TIMES:    1.0861420631408691        1.0996960401535034        9.6036195755004883E-002
 LQ_TIMES:   0.24132895469665527        1.5503709316253662        9.5355987548828125E-002
 QR_TIMES:    1.0739259719848633        1.0890648365020752        9.6361160278320312E-002
 LQ_TIMES:   0.24843406677246094        1.5781059265136719        9.4825267791748047E-002
 QR_TIMES:    1.0711920261383057        1.0735160112380981        9.9697113037109375E-002
 LQ_TIMES:   0.24411201477050781        1.5490567684173584        9.3544960021972656E-002
 QR_TIMES:    1.0859010219573975        1.1310830116271973       0.10174393653869629     
 LQ_TIMES:   0.25416707992553711        1.5549070835113525        9.5002174377441406E-002
 QR_TIMES:    1.1169419288635254        1.1364239454269409        9.8527908325195312E-002
 LQ_TIMES:   0.26070213317871094        1.7909750938415527        9.4853878021240234E-002
m=10000:n=660
 QR_TIMES:    1.1739280223846436        1.1137970685958862       0.10120391845703125     
 LQ_TIMES:   0.27846598625183105        1.8025922775268555        9.7322940826416016E-002
 QR_TIMES:    1.1275219917297363        1.1388289928436279       0.10138988494873047     
 LQ_TIMES:   0.26780891418457031        1.6718592643737793        9.5855236053466797E-002
 QR_TIMES:    1.1666940450668335        1.1664068698883057        9.9102020263671875E-002
 LQ_TIMES:   0.27515602111816406        1.7346978187561035        9.4847679138183594E-002
 QR_TIMES:    1.1491709947586060        1.1259000301361084        9.7082853317260742E-002
 LQ_TIMES:   0.25091719627380371        1.6805071830749512        9.4079971313476562E-002
 QR_TIMES:    1.0799289941787720        1.0908979177474976        9.7470998764038086E-002
 LQ_TIMES:   0.26720714569091797        1.6660499572753906        9.7889900207519531E-002
m=10000:n=670
 QR_TIMES:    1.1261399984359741        1.1554090976715088       0.10107111930847168     
 LQ_TIMES:   0.25556588172912598        1.6739981174468994        9.5893859863281250E-002
 QR_TIMES:    1.1616389751434326        1.1857118606567383        9.8011016845703125E-002
 LQ_TIMES:   0.25274109840393066        1.6456530094146729        9.4759941101074219E-002
 QR_TIMES:    1.2137119770050049        1.1688109636306763       0.10041093826293945     
 LQ_TIMES:   0.25490784645080566        1.6921601295471191        9.5860004425048828E-002
 QR_TIMES:    1.1479799747467041        1.1509850025177002        9.8442077636718750E-002
 LQ_TIMES:   0.25989198684692383        1.7465071678161621       0.10083484649658203     
 QR_TIMES:    1.1785321235656738        1.1649889945983887        9.9989175796508789E-002
 LQ_TIMES:   0.25518202781677246        1.6782259941101074        9.5160961151123047E-002
m=10000:n=680
 QR_TIMES:    1.2561399936676025        1.2283360958099365       0.10112500190734863     
 LQ_TIMES:   0.29522323608398438        1.9421648979187012       0.10211992263793945     
 QR_TIMES:    1.2857179641723633        1.2868778705596924       0.10476207733154297     
 LQ_TIMES:   0.27239012718200684        1.8026371002197266        9.9935054779052734E-002
 QR_TIMES:    1.2090460062026978        1.2479640245437622       0.10225796699523926     
 LQ_TIMES:   0.27590298652648926        1.7274696826934814        9.9659919738769531E-002
 QR_TIMES:    1.1728401184082031        1.1675059795379639       0.10136198997497559     
 LQ_TIMES:   0.26897907257080078        1.7276580333709717        9.9697113037109375E-002
 QR_TIMES:    1.1721251010894775        1.1745529174804688       0.10061502456665039     
 LQ_TIMES:   0.27193093299865723        1.7438750267028809       0.10126686096191406     
m=10000:n=690
 QR_TIMES:    1.2247480154037476        1.2253768444061279       0.10436701774597168     
 LQ_TIMES:   0.27137899398803711        1.7733047008514404       0.10070896148681641     
 QR_TIMES:    1.2221279144287109        1.2378188371658325       0.10494208335876465     
 LQ_TIMES:   0.26867413520812988        1.7398691177368164       0.10054588317871094     
 QR_TIMES:    1.2178080081939697        1.2229660749435425       0.10446810722351074     
 LQ_TIMES:   0.26701617240905762        1.7342798709869385       0.10027599334716797     
 QR_TIMES:    1.2079520225524902        1.2137091159820557       0.10502719879150391     
 LQ_TIMES:   0.26743102073669434        1.7308402061462402       0.10092020034790039     
 QR_TIMES:    1.2075200080871582        1.2046449184417725       0.10442805290222168     
 LQ_TIMES:   0.26734399795532227        1.7369501590728760       0.10149908065795898     
m=10000:n=700
 QR_TIMES:    1.2489459514617920        1.2429440021514893       0.10683703422546387     
 LQ_TIMES:   0.27983903884887695        1.8136711120605469       0.10567235946655273     
 QR_TIMES:    1.3855880498886108        1.3020030260086060       0.10905385017395020     
 LQ_TIMES:   0.29315233230590820        1.9320468902587891       0.10809135437011719     
 QR_TIMES:    1.2944350242614746        1.3000569343566895       0.11203289031982422     
 LQ_TIMES:   0.29401588439941406        1.9024949073791504       0.10617685317993164     
 QR_TIMES:    1.3313009738922119        1.3052279949188232       0.10624289512634277     
 LQ_TIMES:   0.30033087730407715        1.9541897773742676       0.10859107971191406     
 QR_TIMES:    1.2681889533996582        1.2958998680114746       0.10816597938537598     
 LQ_TIMES:   0.28851795196533203        1.9087443351745605       0.10596895217895508     
m=10000:n=710
 QR_TIMES:    1.3566099405288696        1.3640010356903076       0.11567497253417969     
 LQ_TIMES:   0.28257274627685547        1.9757127761840820       0.10797834396362305     
 QR_TIMES:    1.3627040386199951        1.3528510332107544       0.10960793495178223     
 LQ_TIMES:   0.28214788436889648        1.9524650573730469       0.10693597793579102     
 QR_TIMES:    1.3659739494323730        1.3359439373016357       0.10945892333984375     
 LQ_TIMES:   0.28453588485717773        1.9452672004699707       0.10949277877807617     
 QR_TIMES:    1.3414939641952515        1.3546429872512817       0.11289095878601074     
 LQ_TIMES:   0.28104400634765625        1.9345350265502930       0.10713100433349609     
 QR_TIMES:    1.3452409505844116        1.3254609107971191       0.11182904243469238     
 LQ_TIMES:   0.28253388404846191        1.9134807586669922       0.10702943801879883     
m=10000:n=720
 QR_TIMES:    1.3543339967727661        1.3510820865631104       0.11939716339111328     
 LQ_TIMES:   0.31952500343322754        1.9868812561035156       0.10747289657592773     
 QR_TIMES:    1.3495640754699707        1.3412730693817139       0.11117792129516602     
 LQ_TIMES:   0.32075119018554688        2.0175232887268066       0.10787105560302734     
 QR_TIMES:    1.3581099510192871        1.3627219200134277       0.11118102073669434     
 LQ_TIMES:   0.32206726074218750        2.0468449592590332       0.10882711410522461     
 QR_TIMES:    1.3848979473114014        1.3853141069412231       0.11438703536987305     
 LQ_TIMES:   0.32279729843139648        2.0168695449829102       0.10778093338012695     
 QR_TIMES:    1.3444069623947144        1.3595778942108154       0.11524510383605957     
 LQ_TIMES:   0.33514094352722168        2.0332078933715820       0.10736799240112305     
m=10000:n=730
 QR_TIMES:    1.3709230422973633        1.3674790859222412       0.11719584465026855     
 LQ_TIMES:   0.29539513587951660        1.9808330535888672       0.11261272430419922     
 QR_TIMES:    1.3644180297851562        1.4457139968872070       0.11710309982299805     
 LQ_TIMES:   0.30006790161132812        2.0847039222717285       0.11305189132690430     
 QR_TIMES:    1.4179830551147461        1.4021849632263184       0.11608791351318359     
 LQ_TIMES:   0.30122900009155273        2.0427489280700684       0.11385393142700195     
 QR_TIMES:    1.3930239677429199        1.3942800760269165       0.11669421195983887     
 LQ_TIMES:   0.29694199562072754        2.0063781738281250       0.11389923095703125     
 QR_TIMES:    1.3934810161590576        1.3998038768768311       0.11902117729187012     
 LQ_TIMES:   0.31550097465515137        2.1420130729675293       0.11540222167968750     
m=10000:n=740
 QR_TIMES:    1.4971330165863037        1.4893081188201904       0.12253189086914062     
 LQ_TIMES:   0.32652378082275391        2.2756481170654297       0.11819410324096680     
 QR_TIMES:    1.4671710729598999        1.4817910194396973       0.12400317192077637     
 LQ_TIMES:   0.30938005447387695        2.1497812271118164       0.11592388153076172     
 QR_TIMES:    1.4870780706405640        1.5569379329681396       0.12268114089965820     
 LQ_TIMES:   0.32890272140502930        2.1521630287170410       0.12022161483764648     
 QR_TIMES:    1.5763540267944336        1.4930090904235840       0.11951017379760742     
 LQ_TIMES:   0.31422901153564453        2.0961351394653320       0.11816883087158203     
 QR_TIMES:    1.4417259693145752        1.5006830692291260       0.12031698226928711     
 LQ_TIMES:   0.32334089279174805        2.1355190277099609       0.11618804931640625     
m=10000:n=750
 QR_TIMES:    1.4956690073013306        1.5133941173553467       0.12321591377258301     
 LQ_TIMES:   0.32199335098266602        2.1387486457824707       0.12055110931396484     
 QR_TIMES:    1.5363808870315552        1.4952981472015381       0.12996196746826172     
 LQ_TIMES:   0.31313228607177734        2.1550178527832031       0.12174940109252930     
 QR_TIMES:    1.4866640567779541        1.5218129158020020       0.12599301338195801     
 LQ_TIMES:   0.32204914093017578        2.2303490638732910       0.12331199645996094     
 QR_TIMES:    1.5351669788360596        1.5133510828018188       0.12481880187988281     
 LQ_TIMES:   0.30688285827636719        2.2138676643371582       0.12199878692626953     
 QR_TIMES:    1.5740629434585571        1.5323348045349121       0.12244391441345215     
 LQ_TIMES:   0.31276369094848633        2.2249312400817871       0.12001800537109375     
m=10000:n=760
 QR_TIMES:    1.5484850406646729        1.5594909191131592       0.12548995018005371     
 LQ_TIMES:   0.33744668960571289        2.3317351341247559       0.12357187271118164     
 QR_TIMES:    1.6536080837249756        1.5293970108032227       0.12541007995605469     
 LQ_TIMES:   0.34511804580688477        2.3535809516906738       0.12893056869506836     
 QR_TIMES:    1.5229289531707764        1.5642679929733276       0.12628507614135742     
 LQ_TIMES:   0.33384799957275391        2.2836771011352539       0.12215709686279297     
 QR_TIMES:    1.5436789989471436        1.5542190074920654       0.12503504753112793     
 LQ_TIMES:   0.32945394515991211        2.2302169799804688       0.12263202667236328     
 QR_TIMES:    1.5864479541778564        1.6339538097381592       0.13784694671630859     
 LQ_TIMES:   0.35838603973388672        2.2981848716735840       0.12936830520629883     
m=10000:n=770
 QR_TIMES:    1.6798589229583740        1.6663341522216797       0.13290977478027344     
 LQ_TIMES:   0.34579324722290039        2.3607378005981445       0.12844085693359375     
 QR_TIMES:    1.5720620155334473        1.6113929748535156       0.13394212722778320     
 LQ_TIMES:   0.33985900878906250        2.3084859848022461       0.13095903396606445     
 QR_TIMES:    1.6294840574264526        1.6857700347900391       0.13306188583374023     
 LQ_TIMES:   0.35027503967285156        2.4226121902465820       0.13150691986083984     
 QR_TIMES:    1.7070538997650146        1.7074701786041260       0.13152599334716797     
 LQ_TIMES:   0.34427404403686523        2.4201059341430664       0.13191699981689453     
 QR_TIMES:    1.6727699041366577        1.6584819555282593       0.13106012344360352     
 LQ_TIMES:   0.33599996566772461        2.2623000144958496       0.12972688674926758     
m=10000:n=780
 QR_TIMES:    1.6419720649719238        1.6587080955505371       0.13272619247436523     
 LQ_TIMES:   0.35524892807006836        2.3818840980529785       0.13040828704833984     
 QR_TIMES:    1.6669139862060547        1.6277328729629517       0.13749408721923828     
 LQ_TIMES:   0.35365819931030273        2.3696999549865723       0.13202857971191406     
 QR_TIMES:    1.6899640560150146        1.6698319911956787       0.13611459732055664     
 LQ_TIMES:   0.35234785079956055        2.3554549217224121       0.13338756561279297     
 QR_TIMES:    1.6293550729751587        1.6509089469909668       0.13243293762207031     
 LQ_TIMES:   0.34914302825927734        2.2987971305847168       0.13154411315917969     
 QR_TIMES:    1.6352800130844116        1.6373639106750488       0.13456296920776367     
 LQ_TIMES:   0.34352111816406250        2.3541650772094727       0.13087177276611328     
m=10000:n=790
 QR_TIMES:    1.7103219032287598        1.7317070960998535       0.13788890838623047     
 LQ_TIMES:   0.33839607238769531        2.4084920883178711       0.13177680969238281     
 QR_TIMES:    1.6821699142456055        1.7341670989990234       0.13625907897949219     
 LQ_TIMES:   0.34303379058837891        2.4378046989440918       0.13117408752441406     
 QR_TIMES:    1.6891438961029053        1.6845731735229492       0.13806295394897461     
 LQ_TIMES:   0.33583498001098633        2.3690938949584961       0.13355159759521484     
 QR_TIMES:    1.7250370979309082        1.6849639415740967       0.13607978820800781     
 LQ_TIMES:   0.34187602996826172        2.3741927146911621       0.13714027404785156     
 QR_TIMES:    1.6872868537902832        1.6926281452178955       0.13601207733154297     
 LQ_TIMES:   0.38101100921630859        2.4703416824340820       0.13196182250976562     
m=10000:n=800
 QR_TIMES:    1.7440398931503296        1.7411530017852783       0.14126682281494141     
 LQ_TIMES:   0.38547468185424805        2.4803247451782227       0.13733196258544922     
 QR_TIMES:    1.8019690513610840        1.7723939418792725       0.14097833633422852     
 LQ_TIMES:   0.40175199508666992        2.5127010345458984       0.13610744476318359     
 QR_TIMES:    1.7981420755386353        1.7277679443359375       0.13872623443603516     
 LQ_TIMES:   0.38309288024902344        2.5135350227355957       0.13678550720214844     
 QR_TIMES:    1.7270609140396118        1.7355480194091797       0.13740921020507812     
 LQ_TIMES:   0.37300682067871094        2.4078931808471680       0.13568782806396484     
 QR_TIMES:    1.7646501064300537        1.7920191287994385       0.13818502426147461     
 LQ_TIMES:   0.38179302215576172        2.4680490493774414       0.13654422760009766     
m=10000:n=810
 QR_TIMES:    1.8344111442565918        1.8360118865966797       0.14706897735595703     
 LQ_TIMES:   0.37094116210937500        2.6060752868652344       0.13842678070068359     
 QR_TIMES:    1.8016251325607300        1.7642669677734375       0.14636898040771484     
 LQ_TIMES:   0.35610914230346680        2.4859671592712402       0.13823413848876953     
 QR_TIMES:    1.7995361089706421        1.7978940010070801       0.14282655715942383     
 LQ_TIMES:   0.36518192291259766        2.5129871368408203       0.13658428192138672     
 QR_TIMES:    1.7599060535430908        1.7728481292724609       0.15521717071533203     
 LQ_TIMES:   0.35841512680053711        2.5155692100524902       0.13737678527832031     
 QR_TIMES:    1.7512590885162354        1.7962870597839355       0.14658069610595703     
 LQ_TIMES:   0.35924482345581055        2.5400600433349609       0.13760852813720703     
m=10000:n=820
 QR_TIMES:    1.8559368848800659        1.8358590602874756       0.14921712875366211     
 LQ_TIMES:   0.38907909393310547        2.5968661308288574       0.14594364166259766     
 QR_TIMES:    1.8468278646469116        1.7791860103607178       0.14803791046142578     
 LQ_TIMES:   0.37774372100830078        2.5531511306762695       0.14169502258300781     
 QR_TIMES:    1.8406651020050049        1.8450779914855957       0.14471864700317383     
 LQ_TIMES:   0.36854982376098633        2.5810308456420898       0.14238262176513672     
 QR_TIMES:    1.8180830478668213        1.8903622627258301       0.14988327026367188     
 LQ_TIMES:   0.37798070907592773        2.6924328804016113       0.14349269866943359     
 QR_TIMES:    1.8003458976745605        1.8610198497772217       0.14363956451416016     
 LQ_TIMES:   0.38233995437622070        2.5954179763793945       0.14575576782226562     
m=10000:n=830
 QR_TIMES:    1.8609089851379395        1.8560688495635986       0.14977216720581055     
 LQ_TIMES:   0.36192417144775391        2.5835800170898438       0.14307403564453125     
 QR_TIMES:    1.8560529947280884        1.8635060787200928       0.14524602890014648     
 LQ_TIMES:   0.36017465591430664        2.5751376152038574       0.14474773406982422     
 QR_TIMES:    1.8768088817596436        1.8756692409515381       0.14718484878540039     
 LQ_TIMES:   0.35951089859008789        2.5650658607482910       0.14363574981689453     
 QR_TIMES:    1.8621070384979248        1.8753888607025146       0.14818716049194336     
 LQ_TIMES:   0.36087799072265625        2.5541105270385742       0.14473152160644531     
 QR_TIMES:    1.8362848758697510        1.8287308216094971       0.14566326141357422     
 LQ_TIMES:   0.36192321777343750        2.6085610389709473       0.14274311065673828     
m=10000:n=840
 QR_TIMES:    1.8579560518264771        1.8690550327301025       0.14937973022460938     
 LQ_TIMES:   0.39076519012451172        2.7062983512878418       0.14392948150634766     
 QR_TIMES:    1.8700768947601318        1.8633751869201660       0.15295219421386719     
 LQ_TIMES:   0.38559007644653320        2.7073040008544922       0.14387512207031250     
 QR_TIMES:    1.8748439550399780        1.9888901710510254       0.15551519393920898     
 LQ_TIMES:   0.41680622100830078        3.2192344665527344       0.15564060211181641     
 QR_TIMES:    2.1419610977172852        2.1860928535461426       0.16049623489379883     
 LQ_TIMES:   0.43190956115722656        3.1732196807861328       0.15492630004882812     
 QR_TIMES:    2.2419960498809814        2.2544200420379639       0.15955114364624023     
 LQ_TIMES:   0.43934106826782227        3.3497180938720703       0.15573787689208984     
m=10000:n=850
 QR_TIMES:    2.3676750659942627        2.3933079242706299       0.17232275009155273     
 LQ_TIMES:   0.44728517532348633        3.6407160758972168       0.16913414001464844     
 QR_TIMES:    2.5150949954986572        2.5122430324554443       0.17740583419799805     
 LQ_TIMES:   0.45411014556884766        3.6237430572509766       0.17396450042724609     
 QR_TIMES:    2.4851500988006592        2.4660811424255371       0.17383766174316406     
 LQ_TIMES:   0.46338319778442383        3.6246662139892578       0.16751384735107422     
 QR_TIMES:    2.5510039329528809        2.5901360511779785       0.17284011840820312     
 LQ_TIMES:   0.45781612396240234        3.7255330085754395       0.17218303680419922     
 QR_TIMES:    2.5596930980682373        2.5326380729675293       0.18249368667602539     
 LQ_TIMES:   0.48080635070800781        3.8303146362304688       0.17966842651367188     
m=10000:n=860
 QR_TIMES:    2.6704521179199219        2.5992732048034668       0.17650794982910156     
 LQ_TIMES:   0.48418998718261719        3.8068981170654297       0.17894077301025391     
 QR_TIMES:    2.6405038833618164        2.5826108455657959       0.18460988998413086     
 LQ_TIMES:   0.48904705047607422        3.8643760681152344       0.17979049682617188     
 QR_TIMES:    2.6973929405212402        2.7874557971954346       0.18738889694213867     
 LQ_TIMES:   0.53058385848999023        3.9631209373474121       0.17559719085693359     
 QR_TIMES:    2.6936020851135254        2.7252771854400635       0.17908620834350586     
 LQ_TIMES:   0.51669597625732422        4.1202754974365234       0.17615509033203125     
 QR_TIMES:    2.7468280792236328        2.6546142101287842       0.18595409393310547     
 LQ_TIMES:   0.50362586975097656        3.9354300498962402       0.17551517486572266     
m=10000:n=870
 QR_TIMES:    2.8827130794525146        2.7292919158935547       0.18361663818359375     
 LQ_TIMES:   0.48956680297851562        4.0050935745239258       0.18493461608886719     
 QR_TIMES:    2.8170101642608643        2.7942297458648682       0.18230628967285156     
 LQ_TIMES:   0.47206258773803711        3.9490575790405273       0.18087768554687500     
 QR_TIMES:    2.8540599346160889        2.7451779842376709       0.18236398696899414     
 LQ_TIMES:   0.46815967559814453        4.0065517425537109       0.18552970886230469     
 QR_TIMES:    2.9006562232971191        2.7611038684844971       0.18751478195190430     
 LQ_TIMES:   0.48869800567626953        4.0112104415893555       0.17662048339843750     
 QR_TIMES:    2.7153511047363281        2.7889370918273926       0.18818092346191406     
 LQ_TIMES:   0.49673557281494141        4.1165914535522461       0.17770290374755859     
m=10000:n=880
 QR_TIMES:    2.8477580547332764        2.9007949829101562       0.19318675994873047     
 LQ_TIMES:   0.55592298507690430        4.4030914306640625       0.19665527343750000     
 QR_TIMES:    3.1761012077331543        3.1611671447753906       0.18758487701416016     
 LQ_TIMES:   0.54247665405273438        4.3936901092529297       0.18002510070800781     
 QR_TIMES:    2.9059360027313232        3.0143239498138428       0.18444776535034180     
 LQ_TIMES:   0.55555915832519531        4.1649713516235352       0.17945194244384766     
 QR_TIMES:    2.9520490169525146        2.8503980636596680       0.18804264068603516     
 LQ_TIMES:   0.54969453811645508        4.1556539535522461       0.18938446044921875     
 QR_TIMES:    2.7820160388946533        2.8116970062255859       0.18728494644165039     
 LQ_TIMES:   0.53486680984497070        4.1844692230224609       0.18955707550048828     
m=10000:n=890
 QR_TIMES:    3.1599030494689941        3.0358989238739014       0.20546293258666992     
 LQ_TIMES:   0.52225685119628906        4.4367427825927734       0.19284343719482422     
 QR_TIMES:    3.0168128013610840        3.0378689765930176       0.19213390350341797     
 LQ_TIMES:   0.52026844024658203        4.1890926361083984       0.18739414215087891     
 QR_TIMES:    2.8786149024963379        2.8703732490539551       0.18911218643188477     
 LQ_TIMES:   0.48278236389160156        4.2388153076171875       0.18628978729248047     
 QR_TIMES:    2.9636998176574707        2.9401490688323975       0.19383192062377930     
 LQ_TIMES:   0.50218868255615234        4.3985681533813477       0.19507408142089844     
 QR_TIMES:    3.0934650897979736        3.0978531837463379       0.19230890274047852     
 LQ_TIMES:   0.52635192871093750        4.2945909500122070       0.19571399688720703     
m=10000:n=900
 QR_TIMES:    3.0533969402313232        3.0508668422698975       0.20116090774536133     
 LQ_TIMES:   0.56036949157714844        4.5258474349975586       0.19493007659912109     
 QR_TIMES:    3.3124179840087891        3.3343601226806641       0.20792388916015625     
 LQ_TIMES:   0.57972621917724609        5.0171079635620117       0.20580673217773438     
 QR_TIMES:    3.2914428710937500        3.0068726539611816       0.19943094253540039     
 LQ_TIMES:   0.51108741760253906        4.3713502883911133       0.19452667236328125     
 QR_TIMES:    3.0794069766998291        3.1779069900512695       0.19371795654296875     
 LQ_TIMES:   0.53032875061035156        4.3548002243041992       0.19049644470214844     
 QR_TIMES:    2.8872239589691162        2.9526340961456299       0.19314193725585938     
 LQ_TIMES:   0.49162006378173828        4.3487968444824219       0.19213008880615234     
m=10000:n=910
 QR_TIMES:    3.0881328582763672        3.1192407608032227       0.19294595718383789     
 LQ_TIMES:   0.54375743865966797        4.3774156570434570       0.18768882751464844     
 QR_TIMES:    2.9974470138549805        3.0220899581909180       0.19761323928833008     
 LQ_TIMES:   0.51071453094482422        4.4170160293579102       0.19038295745849609     
 QR_TIMES:    2.9428210258483887        3.0347740650177002       0.19529724121093750     
 LQ_TIMES:   0.50600719451904297        4.4516525268554688       0.19037151336669922     
 QR_TIMES:    3.1199150085449219        2.9149122238159180       0.20053911209106445     
 LQ_TIMES:   0.51595973968505859        4.3821163177490234       0.19181728363037109     
 QR_TIMES:    3.1368339061737061        3.0901317596435547       0.19829988479614258     
 LQ_TIMES:   0.51010322570800781        4.4527349472045898       0.18963432312011719     
m=10000:n=920
 QR_TIMES:    3.1907639503479004        3.2473502159118652       0.19835424423217773     
 LQ_TIMES:   0.53758049011230469        4.7302398681640625       0.19364070892333984     
 QR_TIMES:    3.1488189697265625        3.2450480461120605       0.19551420211791992     
 LQ_TIMES:   0.55388355255126953        4.7071495056152344       0.19400978088378906     
 QR_TIMES:    3.1578040122985840        3.2447149753570557       0.19562387466430664     
 LQ_TIMES:   0.56138992309570312        4.7172536849975586       0.19298171997070312     
 QR_TIMES:    3.1536171436309814        3.2865819931030273       0.19610500335693359     
 LQ_TIMES:   0.54188728332519531        4.7206659317016602       0.19441509246826172     
 QR_TIMES:    3.1805529594421387        3.2705521583557129       0.19806718826293945     
 LQ_TIMES:   0.53106212615966797        4.7435359954833984       0.19599914550781250     
m=10000:n=930
 QR_TIMES:    3.3258187770843506        3.2090587615966797       0.20574474334716797     
 LQ_TIMES:   0.55524921417236328        4.5845413208007812       0.20092105865478516     
 QR_TIMES:    3.3490300178527832        3.0428378582000732       0.20900344848632812     
 LQ_TIMES:   0.54021072387695312        4.7669601440429688       0.19756507873535156     
 QR_TIMES:    3.0848591327667236        3.2387647628784180       0.20492792129516602     
 LQ_TIMES:   0.56664085388183594        4.6506710052490234       0.19867515563964844     
 QR_TIMES:    3.3069479465484619        3.4038710594177246       0.20470190048217773     
 LQ_TIMES:   0.52324962615966797        4.7306280136108398       0.19976902008056641     
 QR_TIMES:    3.3948411941528320        3.0217890739440918       0.20730686187744141     
 LQ_TIMES:   0.53230571746826172        4.7593307495117188       0.19986724853515625     
m=10000:n=940
 QR_TIMES:    3.2399048805236816        3.3606750965118408       0.20917701721191406     
 LQ_TIMES:   0.59289360046386719        4.9071130752563477       0.20539379119873047     
 QR_TIMES:    3.4025981426239014        3.3288640975952148       0.21011734008789062     
 LQ_TIMES:   0.58535289764404297        4.8661861419677734       0.20714950561523438     
 QR_TIMES:    3.2167840003967285        3.3197429180145264       0.20781803131103516     
 LQ_TIMES:   0.59368038177490234        4.8929576873779297       0.20425701141357422     
 QR_TIMES:    3.4344451427459717        3.3066971302032471       0.20817279815673828     
 LQ_TIMES:   0.55742835998535156        4.9118127822875977       0.20686912536621094     
 QR_TIMES:    3.1318259239196777        3.3884022235870361       0.20470285415649414     
 LQ_TIMES:   0.58948135375976562        4.8603382110595703       0.20436096191406250     
m=10000:n=950
 QR_TIMES:    3.5743968486785889        3.2111530303955078       0.22079467773437500     
 LQ_TIMES:   0.54448223114013672        4.9806690216064453       0.20864868164062500     
 QR_TIMES:    3.3831088542938232        3.5944859981536865       0.20926189422607422     
 LQ_TIMES:   0.54191398620605469        4.8689928054809570       0.20800590515136719     
 QR_TIMES:    3.3151328563690186        3.4071927070617676       0.21814250946044922     
 LQ_TIMES:   0.59276962280273438        4.8137741088867188       0.20684814453125000     
 QR_TIMES:    3.5518097877502441        3.2651810646057129       0.21521377563476562     
 LQ_TIMES:   0.54540634155273438        5.0092124938964844       0.20390701293945312     
 QR_TIMES:    3.4861700534820557        3.3321228027343750       0.21758747100830078     
 LQ_TIMES:   0.57035064697265625        5.0517053604125977       0.20860862731933594     
m=10000:n=960
 QR_TIMES:    3.5270917415618896        3.7193207740783691       0.21788406372070312     
 LQ_TIMES:   0.66422080993652344        5.0905895233154297       0.21133232116699219     
 QR_TIMES:    3.3692970275878906        3.5560908317565918       0.21174621582031250     
 LQ_TIMES:   0.70924949645996094        5.0766391754150391       0.20978164672851562     
 QR_TIMES:    3.7129690647125244        3.3173108100891113       0.21772003173828125     
 LQ_TIMES:   0.62680244445800781        5.1739234924316406       0.21132850646972656     
 QR_TIMES:    3.5550427436828613        3.5943846702575684       0.21681022644042969     
 LQ_TIMES:   0.69306659698486328        5.1262350082397461       0.21085739135742188     
 QR_TIMES:    3.3419201374053955        2.5658230781555176       0.19384574890136719     
 LQ_TIMES:   0.52517414093017578        3.4375867843627930       0.18949604034423828     
m=10000:n=970
 QR_TIMES:    2.5157010555267334        2.5161123275756836       0.20068836212158203     
 LQ_TIMES:   0.47551679611206055        3.4199824333190918       0.19611358642578125     
 QR_TIMES:    2.5112030506134033        2.5174949169158936       0.19988107681274414     
 LQ_TIMES:   0.47392511367797852        3.4214081764221191       0.19556903839111328     
 QR_TIMES:    2.5184051990509033        2.5225112438201904       0.20030975341796875     
 LQ_TIMES:   0.47133207321166992        3.4289031028747559       0.19508171081542969     
 QR_TIMES:    2.5155348777770996        2.5326390266418457       0.19940423965454102     
 LQ_TIMES:   0.47154188156127930        3.4349532127380371       0.19516754150390625     
 QR_TIMES:    2.5161409378051758        2.5153088569641113       0.19873762130737305     
 LQ_TIMES:   0.47366571426391602        3.4451341629028320       0.19513130187988281     
m=10000:n=980
 QR_TIMES:    2.5810770988464355        2.6955232620239258       0.20250797271728516     
 LQ_TIMES:   0.49908733367919922        3.6273131370544434       0.19837951660156250     
 QR_TIMES:    2.5770559310913086        2.5716571807861328       0.20202732086181641     
 LQ_TIMES:   0.49853420257568359        3.5549659729003906       0.20678997039794922     
 QR_TIMES:    2.8494050502777100        2.8180949687957764       0.21240997314453125     
 LQ_TIMES:   0.53271007537841797        3.8942012786865234       0.20569419860839844     
 QR_TIMES:    2.8032331466674805        2.8031928539276123       0.21937179565429688     
 LQ_TIMES:   0.53547000885009766        3.8347921371459961       0.20712184906005859     
 QR_TIMES:    2.7906200885772705        2.8019688129425049       0.21162223815917969     
 LQ_TIMES:   0.53946590423583984        3.8512821197509766       0.21072769165039062     
m=10000:n=990
 QR_TIMES:    2.8327488899230957        2.8522391319274902       0.22223520278930664     
 LQ_TIMES:   0.53511476516723633        3.8531656265258789       0.21883106231689453     
 QR_TIMES:    2.8249080181121826        2.8412001132965088       0.22338581085205078     
 LQ_TIMES:   0.52039384841918945        3.8649883270263672       0.22084236145019531     
 QR_TIMES:    2.8495509624481201        2.8476526737213135       0.22631788253784180     
 LQ_TIMES:   0.52168273925781250        3.8650026321411133       0.21739292144775391     
 QR_TIMES:    2.8857870101928711        2.8766820430755615       0.22349977493286133     
 LQ_TIMES:   0.52993106842041016        3.8987808227539062       0.21787261962890625     
 QR_TIMES:    2.8667728900909424        2.8754458427429199       0.22575092315673828     
 LQ_TIMES:   0.53553628921508789        3.8901853561401367       0.22221565246582031     
m=10000:n=1000
 QR_TIMES:    2.9048240184783936        2.8875679969787598       0.23202323913574219     
 LQ_TIMES:   0.55009937286376953        3.9987840652465820       0.22531604766845703     
 QR_TIMES:    2.9350450038909912        2.9060802459716797       0.22867298126220703     
 LQ_TIMES:   0.55339384078979492        4.0158090591430664       0.22410869598388672     
 QR_TIMES:    2.8988189697265625        2.9101598262786865       0.23037624359130859     
 LQ_TIMES:   0.56603288650512695        4.0397119522094727       0.22577857971191406     
 QR_TIMES:    2.9131820201873779        2.9229660034179688       0.23376989364624023     
 LQ_TIMES:   0.55808353424072266        4.0048742294311523       0.22626018524169922     
 QR_TIMES:    2.9086768627166748        2.8986971378326416       0.23434591293334961     
 LQ_TIMES:   0.55641698837280273        4.0066213607788086       0.22905635833740234     
