m=10000:n=10000:k=10
  0.14803400635719299       0.14887797832489014       0.13137298822402954       0.13094103336334229     
  0.15029001235961914       0.15851497650146484       0.13400697708129883       0.12247997522354126     
  0.14776599407196045       0.14900201559066772       0.12709200382232666       0.12397700548171997     
  0.14849397540092468       0.14911502599716187       0.13044804334640503       0.13149201869964600     
  0.15049499273300171       0.14626795053482056       0.13090300559997559       0.12964099645614624     
m=10000:n=10000:k=20
  0.22072499990463257       0.21462100744247437       0.19786304235458374       0.19842898845672607     
  0.21827897429466248       0.21479499340057373       0.19261294603347778       0.19402503967285156     
  0.21938502788543701       0.21933197975158691       0.18663895130157471       0.19389808177947998     
  0.21899601817131042       0.21558403968811035       0.19630503654479980       0.19965100288391113     
  0.21653297543525696       0.21732097864151001       0.19591504335403442       0.19657504558563232     
m=10000:n=10000:k=30
  0.27228397130966187       0.27143996953964233       0.24340504407882690       0.24917805194854736     
  0.26851901412010193       0.26959002017974854       0.25186294317245483       0.25162696838378906     
  0.27100497484207153       0.26844197511672974       0.24979996681213379       0.24343800544738770     
  0.26820299029350281       0.26556700468063354       0.24740099906921387       0.24176299571990967     
  0.26883301138877869       0.26795202493667603       0.24425005912780762       0.25453507900238037     
m=10000:n=10000:k=40
  0.31983000040054321       0.33445096015930176       0.30432212352752686       0.30134296417236328     
  0.32881802320480347       0.32465797662734985       0.31043398380279541       0.31124091148376465     
  0.32909196615219116       0.32858902215957642       0.31519889831542969       0.30386292934417725     
  0.32796099781990051       0.32798194885253906       0.31174695491790771       0.30227792263031006     
  0.33021399378776550       0.32568901777267456       0.30415594577789307       0.30174398422241211     
m=10000:n=10000:k=50
  0.39141300320625305       0.38972592353820801       0.38053703308105469       0.38032996654510498     
  0.38769799470901489       0.39082902669906616       0.36981606483459473       0.37805402278900146     
  0.39114797115325928       0.39195096492767334       0.37689292430877686       0.37943387031555176     
  0.38813400268554688       0.38871490955352783       0.37337696552276611       0.37724995613098145     
  0.38862898945808411       0.38398295640945435       0.37301504611968994       0.37824892997741699     
m=10000:n=10000:k=60
  0.44848999381065369       0.44941192865371704       0.42898201942443848       0.43431305885314941     
  0.44667401909828186       0.47408503293991089       0.42945802211761475       0.43361806869506836     
  0.45480701327323914       0.45497894287109375       0.43571698665618896       0.43879306316375732     
  0.45572799444198608       0.45227605104446411       0.44036102294921875       0.43396615982055664     
  0.45908901095390320       0.45873802900314331       0.44517600536346436       0.43640506267547607     
m=10000:n=10000:k=70
  0.49877500534057617       0.50892293453216553       0.47327804565429688       0.47582817077636719     
  0.49703100323677063       0.50020295381546021       0.48728501796722412       0.47259116172790527     
  0.49516701698303223       0.49617904424667358       0.47025001049041748       0.47317910194396973     
  0.50202697515487671       0.49378806352615356       0.48011803627014160       0.47042012214660645     
  0.50421500205993652       0.49553704261779785       0.47435510158538818       0.47034597396850586     
m=10000:n=10000:k=80
  0.58142697811126709       0.57969897985458374       0.53835701942443848       0.53860902786254883     
  0.58471798896789551       0.57078897953033447       0.53445005416870117       0.53475999832153320     
  0.57776105403900146       0.58495503664016724       0.53795599937438965       0.53654003143310547     
  0.57018399238586426       0.57301497459411621       0.53953397274017334       0.53803181648254395     
  0.57173299789428711       0.57087498903274536       0.53364896774291992       0.53649616241455078     
m=10000:n=10000:k=90
  0.63939803838729858       0.63163506984710693       0.60762000083923340       0.60406589508056641     
  0.63159406185150146       0.64100813865661621       0.59730792045593262       0.59416103363037109     
  0.63142395019531250       0.63767802715301514       0.59695005416870117       0.58961081504821777     
  0.63299405574798584       0.62436592578887939       0.59735584259033203       0.59742116928100586     
  0.62977099418640137       0.63820302486419678       0.58725810050964355       0.63479399681091309     
m=10000:n=10000:k=100
  0.70167297124862671       0.70324397087097168       0.66748511791229248       0.65818095207214355     
  0.69146394729614258       0.69949400424957275       0.65295195579528809       0.67215991020202637     
  0.69820404052734375       0.70056688785552979       0.65917992591857910       0.65627098083496094     
  0.70169895887374878       0.71020197868347168       0.65772199630737305       0.65400791168212891     
  0.70380401611328125       0.69887006282806396       0.65911912918090820       0.65444803237915039     
m=10000:n=10000:k=110
  0.74002099037170410       0.75511002540588379       0.70309805870056152       0.70284581184387207     
  0.74097800254821777       0.74156296253204346       0.70999884605407715       0.71525478363037109     
  0.73853802680969238       0.73804903030395508       0.75451004505157471       0.72397303581237793     
  0.74773806333541870       0.74144196510314941       0.70915579795837402       0.71183109283447266     
  0.73636901378631592       0.73549902439117432       0.70982897281646729       0.71617817878723145     
m=10000:n=10000:k=120
  0.79247498512268066       0.79136598110198975       0.74817419052124023       0.74903607368469238     
  0.78058606386184692       0.78650701045989990       0.74293899536132812       0.74431896209716797     
  0.78838801383972168       0.78849411010742188       0.75499606132507324       0.74950003623962402     
  0.78301501274108887       0.79225099086761475       0.75427305698394775       0.74474096298217773     
  0.79150199890136719       0.79108703136444092       0.73967003822326660       0.77362179756164551     
m=10000:n=10000:k=130
  0.85245299339294434       0.86090111732482910       0.81942009925842285       0.82807087898254395     
  0.85414892435073853       0.86029899120330811       0.82383084297180176       0.82122707366943359     
  0.85753399133682251       0.85285007953643799       0.81883907318115234       0.82887291908264160     
  0.85980904102325439       0.85564494132995605       0.82025790214538574       0.82380008697509766     
  0.86431801319122314       0.86008298397064209       0.82291007041931152       0.83449482917785645     
m=10000:n=10000:k=140
  0.94138193130493164       0.91852092742919922       0.86669206619262695       0.87212991714477539     
  0.91034698486328125       0.91027200222015381       0.86806011199951172       0.86987209320068359     
  0.91618406772613525       0.91351199150085449       0.86759996414184570       0.87012887001037598     
  0.91451895236968994       0.91374993324279785       0.87200617790222168       0.87730574607849121     
  0.91844594478607178       0.90959107875823975       0.86889314651489258       0.86345005035400391     
m=10000:n=10000:k=150
  0.96745896339416504       0.96842896938323975       0.95648193359375000       0.96301364898681641     
  0.97350502014160156        1.0141949653625488       0.95762681961059570       0.95955419540405273     
  0.97022104263305664       0.97176504135131836       0.95516610145568848       0.95904684066772461     
  0.97071993350982666       0.96495389938354492       0.95966291427612305       0.96436977386474609     
  0.97839701175689697       0.97323012351989746       0.95739293098449707       0.95528912544250488     
m=10000:n=10000:k=160
   1.0338809490203857        1.0324878692626953        1.0073969364166260        1.0076620578765869     
   1.0338490009307861        1.0488910675048828        1.0370922088623047        1.0181851387023926     
   1.0381180047988892        1.0533270835876465        1.0140080451965332        1.0075292587280273     
   1.0332241058349609        1.0379179716110229        1.0042459964752197        1.0079748630523682     
   1.0449550151824951        1.0325748920440674        1.0089550018310547        1.0129199028015137     
m=10000:n=10000:k=170
   1.0914130210876465        1.0966240167617798        1.0803859233856201        1.0740640163421631     
   1.1532049179077148        1.1042410135269165        1.0671639442443848        1.0670437812805176     
   1.0914940834045410        1.0856089591979980        1.0716669559478760        1.0760040283203125     
   1.0934799909591675        1.0884590148925781        1.0688331127166748        1.0620858669281006     
   1.0907609462738037        1.0898609161376953        1.0652132034301758        1.0760450363159180     
m=10000:n=10000:k=180
   1.1537969112396240        1.1676249504089355        1.1373741626739502        1.1362562179565430     
   1.1552090644836426        1.1518080234527588        1.1391119956970215        1.1465840339660645     
   1.1540629863739014        1.1585178375244141        1.1459639072418213        1.1305932998657227     
   1.1513860225677490        1.1558771133422852        1.1316540241241455        1.1565909385681152     
   1.1590719223022461        1.1673259735107422        1.1382961273193359        1.1521749496459961     
m=10000:n=10000:k=190
   1.2237019538879395        1.2297530174255371        1.2363221645355225        1.2043871879577637     
   1.2363669872283936        1.2179980278015137        1.1970171928405762        1.2070240974426270     
   1.2419159412384033        1.2325799465179443        1.2156128883361816        1.2020449638366699     
   1.2215549945831299        1.2240289449691772        1.1889197826385498        1.1951098442077637     
   1.2167171239852905        1.2280890941619873        1.1856150627136230        1.1981949806213379     
m=10000:n=10000:k=200
   1.2765159606933594        1.2740659713745117        1.2369070053100586        1.2548522949218750     
   1.2799229621887207        1.2792730331420898        1.2374978065490723        1.2394881248474121     
   1.2726950645446777        1.2785789966583252        1.2410428524017334        1.2410182952880859     
   1.2689249515533447        1.2742371559143066        1.2288641929626465        1.2681679725646973     
   1.2746469974517822        1.2765439748764038        1.2403612136840820        1.2403330802917480     
m=10000:n=10000:k=210
   1.3417558670043945        1.3273279666900635        1.3041799068450928        1.3078756332397461     
   1.3514379262924194        1.3466429710388184        1.3198091983795166        1.3066229820251465     
   1.3428499698638916        1.3441019058227539        1.3091239929199219        1.3178901672363281     
   1.3415889739990234        1.3524048328399658        1.3082890510559082        1.3130531311035156     
   1.3402550220489502        1.3506419658660889        1.3256816864013672        1.3306059837341309     
m=10000:n=10000:k=220
   1.4162960052490234        1.4329919815063477        1.4249718189239502        1.4237241744995117     
   1.4690990447998047        1.4320240020751953        1.4361999034881592        1.4617538452148438     
   1.4855990409851074        1.4691909551620483        1.4248952865600586        1.4216208457946777     
   1.4440339803695679        1.4300320148468018        1.3917613029479980        1.4089517593383789     
   1.4086040258407593        1.4094550609588623        1.3839669227600098        1.3874697685241699     
m=10000:n=10000:k=230
   1.4660649299621582        1.4693230390548706        1.4550542831420898        1.4654536247253418     
   1.4799419641494751        1.4630180597305298        1.4337718486785889        1.4435515403747559     
   1.4461669921875000        1.4605329036712646        1.4541099071502686        1.4518013000488281     
   1.4640970230102539        1.4700399637222290        1.4450771808624268        1.4371991157531738     
   1.4618649482727051        1.4926528930664062        1.4447612762451172        1.4490838050842285     
m=10000:n=10000:k=240
   1.5384750366210938        1.5661640167236328        1.4957458972930908        1.5086140632629395     
   1.5307381153106689        1.5314338207244873        1.4830408096313477        1.5026984214782715     
   1.5284550189971924        1.5527811050415039        1.5136952400207520        1.5109910964965820     
   1.5350151062011719        1.5366299152374268        1.4841609001159668        1.5003128051757812     
   1.5265541076660156        1.5378429889678955        1.4914710521697998        1.4972529411315918     
m=10000:n=10000:k=250
   1.5904809236526489        1.5917918682098389        1.5560610294342041        1.6015019416809082     
   1.5933700799942017        1.5939910411834717        1.5601322650909424        1.5689640045166016     
   1.6086709499359131        1.5860159397125244        1.5672369003295898        1.5743999481201172     
   1.5831060409545898        1.5963308811187744        1.6058382987976074        1.5684309005737305     
   1.5912117958068848        1.5897569656372070        1.5650210380554199        1.5613489151000977     
m=10000:n=10000:k=260
   1.6482839584350586        1.6534368991851807        1.6146860122680664        1.6234102249145508     
   1.6531410217285156        1.6614730358123779        1.6262781620025635        1.6399769783020020     
   1.6618509292602539        1.6503250598907471        1.6161518096923828        1.6247644424438477     
   1.6688079833984375        1.6519699096679688        1.6124482154846191        1.6102766990661621     
   1.6545959711074829        1.6515607833862305        1.6207969188690186        1.6234931945800781     
m=10000:n=10000:k=270
   1.7287191152572632        1.7264471054077148        1.6731729507446289        1.6902160644531250     
   1.7252521514892578        1.7245290279388428        1.6744449138641357        1.6919178962707520     
   1.7208540439605713        1.7205171585083008        1.7109413146972656        1.6918869018554688     
   1.7277090549468994        1.7355840206146240        1.6834361553192139        1.7125530242919922     
   1.7187108993530273        1.7284538745880127        1.6763410568237305        1.6982016563415527     
m=10000:n=10000:k=280
   1.7774299383163452        1.7659707069396973        1.7371330261230469        1.7570319175720215     
   1.7702181339263916        1.7844083309173584        1.7301697731018066        1.7499122619628906     
   1.7623100280761719        1.7757878303527832        1.7358112335205078        1.7447919845581055     
   1.7652280330657959        1.7801668643951416        1.7154417037963867        1.7641959190368652     
   1.7664380073547363        1.7734091281890869        1.7302360534667969        1.7300329208374023     
m=10000:n=10000:k=290
   1.8233910799026489        1.8421349525451660        1.8538503646850586        1.8446297645568848     
   1.8528258800506592        1.8276908397674561        1.8747129440307617        1.8370027542114258     
   1.8352360725402832        1.8489000797271729        1.8356781005859375        1.8490810394287109     
   1.8358910083770752        1.8488392829895020        1.8474960327148438        1.8425378799438477     
   1.8368310928344727        1.8484520912170410        1.8620138168334961        1.8461322784423828     
m=10000:n=10000:k=300
   1.8939349651336670        1.9150981903076172        1.8987360000610352        1.8929252624511719     
   1.8994989395141602        1.9097850322723389        1.8848671913146973        1.8940849304199219     
   1.8907510042190552        1.9021658897399902        1.9256391525268555        1.9121046066284180     
   1.8958801031112671        1.9009418487548828        1.8984160423278809        1.9091124534606934     
   1.8944051265716553        1.8899958133697510        1.8931360244750977        1.9128909111022949     
m=10000:n=10000:k=310
   2.0108408927917480        1.9687321186065674        1.9424209594726562        1.9437313079833984     
   1.9521059989929199        1.9451179504394531        1.9434332847595215        1.9278736114501953     
   1.9608519077301025        1.9508452415466309        1.9429740905761719        1.9537820816040039     
   1.9892040491104126        1.9765911102294922        1.9315581321716309        1.9781966209411621     
   1.9790799617767334        1.9702720642089844        1.9498529434204102        1.9653415679931641     
m=10000:n=10000:k=320
   2.0394611358642578        2.0439660549163818        2.0109710693359375        2.0200061798095703     
   2.0265879631042480        2.0389459133148193        2.0190520286560059        2.0796546936035156     
   2.0294618606567383        2.0437331199645996        2.0557651519775391        2.0156316757202148     
   2.0511040687561035        2.0817868709564209        2.0248298645019531        2.0346469879150391     
   2.0221619606018066        2.0673718452453613        2.0057721138000488        2.0229854583740234     
m=10000:n=10000:k=330
   2.1060700416564941        2.0884878635406494        2.0611662864685059        2.0609354972839355     
   2.1061420440673828        2.0973432064056396        2.0849680900573730        2.0563139915466309     
   2.0883848667144775        2.1073918342590332        2.0645318031311035        2.0753617286682129     
   2.1042752265930176        2.0844740867614746        2.0446262359619141        2.0581874847412109     
   2.0854969024658203        2.1027402877807617        2.0510096549987793        2.0750155448913574     
m=10000:n=10000:k=340
   2.1810979843139648        2.1658282279968262        2.1132669448852539        2.1201372146606445     
   2.1634788513183594        2.1687989234924316        2.1172590255737305        2.1440358161926270     
   2.1872670650482178        2.1634230613708496        2.1218891143798828        2.1423501968383789     
   2.1620359420776367        2.1759190559387207        2.1402978897094727        2.1389341354370117     
   2.1681571006774902        2.1943261623382568        2.1264529228210449        2.1187667846679688     
m=10000:n=10000:k=350
   2.2079069614410400        2.2252173423767090        2.1993970870971680        2.2045803070068359     
   2.2141718864440918        2.2258334159851074        2.2018918991088867        2.2462596893310547     
   2.2240140438079834        2.2270431518554688        2.2040758132934570        2.2105803489685059     
   2.2288131713867188        2.2316298484802246        2.1843986511230469        2.2374572753906250     
   2.2218332290649414        2.2214999198913574        2.2046132087707520        2.2219805717468262     
m=10000:n=10000:k=360
   2.2687730789184570        2.2765688896179199        2.2479991912841797        2.2521915435791016     
   2.2841951847076416        2.3009271621704102        2.2332558631896973        2.2514681816101074     
   2.2907519340515137        2.2915582656860352        2.2214708328247070        2.2508888244628906     
   2.2973551750183105        2.2982268333435059        2.2494015693664551        2.2911825180053711     
   2.2864990234375000        2.2793049812316895        2.2359189987182617        2.2521290779113770     
m=10000:n=10000:k=370
   2.3559989929199219        2.3716669082641602        2.3071765899658203        2.3341326713562012     
   2.3645739555358887        2.3498337268829346        2.3107628822326660        2.3175115585327148     
   2.3523669242858887        2.3593862056732178        2.3146162033081055        2.3384819030761719     
   2.3581800460815430        2.3683328628540039        2.3142919540405273        2.3246750831604004     
   2.3657598495483398        2.3555471897125244        2.3228259086608887        2.3425374031066895     
m=10000:n=10000:k=380
   2.4122099876403809        2.4092941284179688        2.3565759658813477        2.4433727264404297     
   2.4020280838012695        2.3999481201171875        2.3676600456237793        2.3688230514526367     
   2.4278509616851807        2.4179959297180176        2.3777718544006348        2.4196791648864746     
   2.4041209220886230        2.4064979553222656        2.3501329421997070        2.3876991271972656     
   2.4034619331359863        2.4039337635040283        2.3797068595886230        2.3832416534423828     
m=10000:n=10000:k=390
   2.5003421306610107        2.4716551303863525        2.4348397254943848        2.4580955505371094     
   2.4687280654907227        2.4633488655090332        2.4441905021667480        2.4462518692016602     
   2.4990558624267578        2.4656426906585693        2.4189572334289551        2.4628238677978516     
   2.4625279903411865        2.4715847969055176        2.4278593063354492        2.4592523574829102     
   2.5057601928710938        2.4894449710845947        2.4289436340332031        2.4559011459350586     
m=10000:n=10000:k=400
   2.5438549518585205        2.5416388511657715        2.4726209640502930        2.4911460876464844     
   2.5510480403900146        2.5394661426544189        2.4945740699768066        2.5110054016113281     
   2.5350110530853271        2.5423779487609863        2.4973607063293457        2.5046377182006836     
   2.5332479476928711        2.5737597942352295        2.5114116668701172        2.5100460052490234     
   2.5599880218505859        2.5534660816192627        2.5149383544921875        2.4924583435058594     
m=10000:n=10000:k=410
   2.6116528511047363        2.5899107456207275        2.5929746627807617        2.5789184570312500     
   2.5912117958068848        2.5812430381774902        2.5439505577087402        2.5641183853149414     
   2.5959279537200928        2.5960130691528320        2.5482878684997559        2.5970726013183594     
   2.5870599746704102        2.6100931167602539        2.5612916946411133        2.5766811370849609     
   2.6038439273834229        2.5950610637664795        2.5647020339965820        2.6133508682250977     
m=10000:n=10000:k=420
   2.6757180690765381        2.6819491386413574        2.6252183914184570        2.6300230026245117     
   2.6863639354705811        2.6689860820770264        2.6139240264892578        2.6577720642089844     
   2.6904380321502686        2.6951110363006592        2.6212940216064453        2.6380577087402344     
   2.6607427597045898        2.6867430210113525        2.6432065963745117        2.6400346755981445     
   2.6542291641235352        2.6908850669860840        2.6295471191406250        2.6175165176391602     
m=10000:n=10000:k=430
   2.7181570529937744        2.7685441970825195        2.6640281677246094        2.6903162002563477     
   2.7365479469299316        2.7396152019500732        2.6635065078735352        2.7006092071533203     
   2.7334201335906982        2.7743051052093506        2.6669321060180664        2.7018365859985352     
   2.7414708137512207        2.7239511013031006        2.6739115715026855        2.6629571914672852     
   2.7335929870605469        2.7241199016571045        2.7201070785522461        2.7044687271118164     
m=10000:n=10000:k=440
   2.7705900669097900        2.7748498916625977        2.7403531074523926        2.7553682327270508     
   2.7549381256103516        2.7728040218353271        2.7542033195495605        2.7437324523925781     
   2.7846159934997559        2.7622771263122559        2.7223882675170898        2.7741937637329102     
   2.7599320411682129        2.7865490913391113        2.7270030975341797        2.7410583496093750     
   2.7442200183868408        2.7435579299926758        2.7189683914184570        2.7301988601684570     
m=10000:n=10000:k=450
   2.8681058883666992        2.8439359664916992        2.7860960960388184        2.8005876541137695     
   2.8394780158996582        2.8369910717010498        2.7794227600097656        2.7789430618286133     
   2.8266520500183105        2.8415541648864746        2.7825512886047363        2.7886762619018555     
   2.8232481479644775        2.8245830535888672        2.7687363624572754        2.7951784133911133     
   2.8481788635253906        2.8272397518157959        2.7783732414245605        2.8255529403686523     
m=10000:n=10000:k=460
   2.8706989288330078        2.8813979625701904        2.8360571861267090        2.8562068939208984     
   2.9059100151062012        2.8944578170776367        2.8225431442260742        2.8433656692504883     
   2.8968777656555176        2.8903510570526123        2.8589291572570801        2.8771266937255859     
   2.9055440425872803        2.8751521110534668        2.8412060737609863        2.8708200454711914     
   2.8687849044799805        2.8654971122741699        2.8666315078735352        2.8715152740478516     
m=10000:n=10000:k=470
   2.9270949363708496        2.9385590553283691        2.9026293754577637        2.9281272888183594     
   2.9326391220092773        2.9922199249267578        2.8847990036010742        2.9135313034057617     
   2.9299869537353516        2.9219169616699219        2.8975257873535156        2.9253730773925781     
   2.9192910194396973        2.9544851779937744        2.9269862174987793        2.9158096313476562     
   2.9237070083618164        2.9425992965698242        2.9278459548950195        2.9170799255371094     
m=10000:n=10000:k=480
   2.9985527992248535        3.0380127429962158        2.9530477523803711        2.9491310119628906     
   2.9988739490509033        3.0084748268127441        2.9523544311523438        2.9700860977172852     
   3.0621402263641357        3.0386190414428711        2.9477772712707520        3.0048332214355469     
   3.0090761184692383        3.0118439197540283        2.9412794113159180        2.9773893356323242     
   2.9883301258087158        3.0168092250823975        2.9447393417358398        2.9468393325805664     
m=10000:n=10000:k=490
   3.0564110279083252        3.0597319602966309        3.0226984024047852        3.1096448898315430     
   3.0646638870239258        3.0650658607482910        3.0115056037902832        3.0493211746215820     
   3.0708820819854736        3.0755901336669922        3.0783605575561523        3.0352115631103516     
   3.0532879829406738        3.0667500495910645        3.0129475593566895        3.0302696228027344     
   3.0978209972381592        3.1339318752288818        3.0402655601501465        3.0622978210449219     
m=10000:n=10000:k=500
   3.1408629417419434        3.1404788494110107        3.0721158981323242        3.1310682296752930     
   3.1523771286010742        3.1677479743957520        3.1035432815551758        3.1066799163818359     
   3.1275539398193359        3.1577758789062500        3.0882411003112793        3.1144866943359375     
   3.1368298530578613        3.1516566276550293        3.0706677436828613        3.0878267288208008     
   3.1259000301361084        3.1696302890777588        3.1294078826904297        3.0991468429565430     
m=10000:n=10000:k=510
   3.2189736366271973        3.2047586441040039        3.1448650360107422        3.1483211517333984     
   3.2440919876098633        3.2081189155578613        3.1539855003356934        3.1698741912841797     
   3.2023479938507080        3.2345361709594727        3.2061009407043457        3.1610975265502930     
   3.2130460739135742        3.2156457901000977        3.1314516067504883        3.1654443740844727     
   3.2006671428680420        3.2378988265991211        3.1414756774902344        3.1544523239135742     
m=10000:n=10000:k=520
   3.3389101028442383        3.3692188262939453        3.2943072319030762        3.3246669769287109     
   3.3329370021820068        3.3473720550537109        3.2787890434265137        3.3023128509521484     
   3.3696908950805664        3.3660879135131836        3.3354549407958984        3.3090648651123047     
   3.3688070774078369        3.3915719985961914        3.3403091430664062        3.3279085159301758     
   3.3796241283416748        3.3821539878845215        3.2021389007568359        3.2700052261352539     
m=10000:n=10000:k=530
   3.5250711441040039        3.4603061676025391        3.4070768356323242        3.2949590682983398     
   3.4096579551696777        3.4132080078125000        3.3351788520812988        3.4172058105468750     
   3.4431140422821045        3.5109720230102539        3.4119348526000977        3.4629735946655273     
   3.5227231979370117        3.5113778114318848        3.4300713539123535        3.4097518920898438     
   3.4644689559936523        3.4882941246032715        3.4182314872741699        3.3962545394897461     
m=10000:n=10000:k=540
   3.4948639869689941        3.5241723060607910        3.4555220603942871        3.4357347488403320     
   3.4718537330627441        3.5233049392700195        3.4085559844970703        3.4251518249511719     
   3.4920706748962402        3.5152268409729004        3.4801530838012695        3.4495058059692383     
   3.5240669250488281        3.5188069343566895        3.4212703704833984        3.4452123641967773     
   3.4751052856445312        3.5132451057434082        3.4241800308227539        3.4672565460205078     
m=10000:n=10000:k=550
   3.5190250873565674        3.5213050842285156        3.4927639961242676        3.5169515609741211     
   3.5449557304382324        3.5770640373229980        3.5141153335571289        3.5323314666748047     
   3.5410909652709961        3.5224089622497559        3.4952111244201660        3.4838895797729492     
   3.5155649185180664        3.5231990814208984        3.4600572586059570        3.4641609191894531     
   3.5152931213378906        3.5770206451416016        3.4819707870483398        3.5064010620117188     
m=10000:n=10000:k=560
   3.6061573028564453        3.6101899147033691        3.5800161361694336        3.6051530838012695     
   3.5887289047241211        3.5943641662597656        3.5137128829956055        3.5534324645996094     
   3.6036219596862793        3.6557688713073730        3.5467195510864258        3.5492935180664062     
   3.5844492912292480        3.5970764160156250        3.5325822830200195        3.5619630813598633     
   3.6179738044738770        3.6287221908569336        3.5426578521728516        3.5726957321166992     
m=10000:n=10000:k=570
   3.6652569770812988        3.6842451095581055        3.5813236236572266        3.5799303054809570     
   3.6161890029907227        3.6350140571594238        3.6077680587768555        3.6414384841918945     
   3.6423058509826660        3.6937980651855469        3.5896015167236328        3.6181974411010742     
   3.6502401828765869        3.6768169403076172        3.5982189178466797        3.6010951995849609     
   3.6571648120880127        3.6828031539916992        3.5971479415893555        3.5752267837524414     
m=10000:n=10000:k=580
   3.7069892883300781        3.6996049880981445        3.6917057037353516        3.6798973083496094     
   3.7228388786315918        3.7475781440734863        3.7020807266235352        3.6938161849975586     
   3.7267322540283203        3.7616705894470215        3.6912755966186523        3.6869840621948242     
   3.7135100364685059        3.7336993217468262        3.7211208343505859        3.6957168579101562     
   3.7118237018585205        3.7367558479309082        3.6454544067382812        3.6880092620849609     
m=10000:n=10000:k=590
   3.8040900230407715        3.7763714790344238        3.7215290069580078        3.7240562438964844     
   3.7833237648010254        3.7502098083496094        3.6957225799560547        3.7628364562988281     
   3.7690377235412598        3.7963147163391113        3.7368707656860352        3.7258586883544922     
   3.7472622394561768        3.7544212341308594        3.6891174316406250        3.7176027297973633     
   3.7449357509613037        3.7386345863342285        3.7122974395751953        3.7099580764770508     
m=10000:n=10000:k=600
   3.8030252456665039        3.8263025283813477        3.7695436477661133        3.7650728225708008     
   3.6465771198272705        3.6404175758361816        3.5367450714111328        3.5426845550537109     
   3.6361391544342041        3.6443066596984863        3.5361452102661133        3.5434837341308594     
   3.6386139392852783        3.6443262100219727        3.5284557342529297        3.5379838943481445     
   3.6300337314605713        3.6394686698913574        3.5271205902099609        3.5391788482666016     
m=10000:n=10000:k=610
   3.7059860229492188        3.7114372253417969        3.6190071105957031        3.6265668869018555     
   3.7051677703857422        3.7156543731689453        3.6197023391723633        3.6249351501464844     
   3.7045068740844727        3.7099733352661133        3.6194620132446289        3.6227188110351562     
   3.7060668468475342        3.7089858055114746        3.6163702011108398        3.6241626739501953     
   3.7054607868194580        3.7175340652465820        3.6181669235229492        3.6337661743164062     
m=10000:n=10000:k=620
   3.7396829128265381        3.7498636245727539        3.6464729309082031        3.6606454849243164     
   3.7462601661682129        3.7544221878051758        3.6542682647705078        3.6609506607055664     
   3.7407689094543457        3.7487306594848633        3.6483688354492188        3.6554555892944336     
   3.7405240535736084        3.7610764503479004        3.6667823791503906        3.6701097488403320     
   3.7458961009979248        3.7530455589294434        3.6533575057983398        3.6618604660034180     
m=10000:n=10000:k=630
   3.7612240314483643        3.7632489204406738        3.6759290695190430        3.6809558868408203     
   3.7558269500732422        3.7627015113830566        3.6595401763916016        3.6882953643798828     
   3.7570097446441650        3.7606110572814941        3.6804542541503906        3.6794252395629883     
   3.7550182342529297        3.7592840194702148        3.6861143112182617        3.6871118545532227     
   3.7495820522308350        3.7570972442626953        3.6686534881591797        3.6798686981201172     
m=10000:n=10000:k=640
   3.8175740242004395        3.8220324516296387        3.7246770858764648        3.7345380783081055     
   3.8195269107818604        3.8240823745727539        3.7205152511596680        3.7315731048583984     
   3.8185322284698486        3.8295774459838867        3.7217769622802734        3.7348213195800781     
   3.8112239837646484        3.8236165046691895        3.7269687652587891        3.7332220077514648     
   3.8140368461608887        3.8209638595581055        3.7252435684204102        3.7332096099853516     
m=10000:n=10000:k=650
   3.8601000308990479        3.8688645362854004        3.7660398483276367        3.7779731750488281     
   3.8618402481079102        3.8693933486938477        3.7615022659301758        3.7741413116455078     
   3.8610448837280273        3.8744564056396484        3.7666950225830078        3.7761878967285156     
   3.8680040836334229        3.8732686042785645        3.7635726928710938        3.7854471206665039     
   3.8689332008361816        3.8704590797424316        3.7622880935668945        3.7782182693481445     
m=10000:n=10000:k=660
   3.9375369548797607        3.9417185783386230        3.8350248336791992        3.8537511825561523     
   3.9435248374938965        3.9414672851562500        3.8371181488037109        3.8505105972290039     
   3.9356040954589844        3.9414653778076172        3.8324556350708008        3.8498315811157227     
   3.9318757057189941        3.9355931282043457        3.8322172164916992        3.8446149826049805     
   3.9292807579040527        3.9390554428100586        3.8349399566650391        3.8485498428344727     
m=10000:n=10000:k=670
   3.9976639747619629        4.0056018829345703        3.8963155746459961        3.9001150131225586     
   3.9878270626068115        3.9971899986267090        3.8827209472656250        3.8963212966918945     
   3.9847650527954102        3.9924402236938477        3.8840017318725586        3.8948850631713867     
   3.9893908500671387        3.9935545921325684        3.8754997253417969        3.8847045898437500     
   3.9887561798095703        3.9969196319580078        3.8910951614379883        3.8986482620239258     
m=10000:n=10000:k=680
   4.0373239517211914        4.0423059463500977        3.9250802993774414        3.9415731430053711     
   4.0302858352661133        4.0366473197937012        3.9200134277343750        3.9300231933593750     
   4.0301108360290527        4.0371785163879395        3.9220809936523438        3.9287223815917969     
   4.0369501113891602        4.0400123596191406        3.9301652908325195        3.9311571121215820     
   4.0424971580505371        4.0492887496948242        3.9249897003173828        3.9402236938476562     
m=10000:n=10000:k=690
   4.0970411300659180        4.1142058372497559        3.9912338256835938        4.0145673751831055     
   4.1096501350402832        4.1166372299194336        3.9957208633422852        4.0098552703857422     
   4.1004619598388672        4.1087684631347656        3.9948987960815430        4.0135669708251953     
   4.1046257019042969        4.1119804382324219        3.9954786300659180        4.0089015960693359     
   4.1286306381225586        4.1365995407104492        4.0315628051757812        4.0364484786987305     
m=10000:n=10000:k=700
   4.1440410614013672        4.1547970771789551        4.0524330139160156        4.0629529953002930     
   4.1520256996154785        4.1535100936889648        4.0502805709838867        4.0643310546875000     
   4.1520061492919922        4.1539912223815918        4.0510292053222656        4.0646791458129883     
   4.1586508750915527        4.1622204780578613        4.0535011291503906        4.0636482238769531     
   4.1454129219055176        4.1517057418823242        4.0586061477661133        4.0592288970947266     
m=10000:n=10000:k=710
   4.2012200355529785        4.2080092430114746        4.1075372695922852        4.1198549270629883     
   4.1989421844482422        4.2107558250427246        4.1114244461059570        4.1223001480102539     
   4.2155189514160156        4.2129559516906738        4.1124372482299805        4.1262388229370117     
   4.2079219818115234        4.2133660316467285        4.1143255233764648        4.1214056015014648     
   4.1946959495544434        4.2058358192443848        4.1104984283447266        4.1217422485351562     
m=10000:n=10000:k=720
   4.2676110267639160        4.2776031494140625        4.1529817581176758        4.1652069091796875     
   4.2680912017822266        4.2764530181884766        4.1530494689941406        4.1655817031860352     
   4.2693071365356445        4.2794981002807617        4.1511383056640625        4.1666574478149414     
   4.2800397872924805        4.2772312164306641        4.1515464782714844        4.1718902587890625     
   4.2734360694885254        4.2848658561706543        4.1580867767333984        4.1682424545288086     
m=10000:n=10000:k=730
   4.3146247863769531        4.3200187683105469        4.2225456237792969        4.2330503463745117     
   4.3294315338134766        4.3352074623107910        4.2089948654174805        4.2204513549804688     
   4.3221960067749023        4.3240728378295898        4.2112550735473633        4.2148380279541016     
   4.3249907493591309        4.3257513046264648        4.2194290161132812        4.2277345657348633     
   4.3176116943359375        4.3285255432128906        4.2225465774536133        4.2302875518798828     
m=10000:n=10000:k=740
   4.3809890747070312        4.3931379318237305        4.2715311050415039        4.2803411483764648     
   4.3941397666931152        4.3920149803161621        4.2711687088012695        4.2849254608154297     
   4.3909282684326172        4.4084672927856445        4.2742757797241211        4.2926959991455078     
   4.3915839195251465        4.3905382156372070        4.2741622924804688        4.2903270721435547     
   4.3870239257812500        4.3952188491821289        4.2730703353881836        4.2832441329956055     
m=10000:n=10000:k=750
   4.4404988288879395        4.4567270278930664        4.3195867538452148        4.3462009429931641     
   4.4485068321228027        4.4513993263244629        4.3296041488647461        4.3389291763305664     
   4.4546599388122559        4.4554710388183594        4.3224430084228516        4.3358659744262695     
   4.4368572235107422        4.4480743408203125        4.3350439071655273        4.3439168930053711     
   4.4531946182250977        4.4552936553955078        4.3326969146728516        4.3353366851806641     
m=10000:n=10000:k=760
   4.4814071655273438        4.4911179542541504        4.3557233810424805        4.3679332733154297     
   4.4748253822326660        4.4865589141845703        4.3615112304687500        4.3756074905395508     
   4.4844388961791992        4.4892144203186035        4.3550415039062500        4.3627443313598633     
   4.4802150726318359        4.4907250404357910        4.3510379791259766        4.3659582138061523     
   4.4857320785522461        4.4923033714294434        4.3597335815429688        4.3797073364257812     
m=10000:n=10000:k=770
   4.5643057823181152        4.5656065940856934        4.4429864883422852        4.4509048461914062     
   4.5565910339355469        4.5650649070739746        4.4380216598510742        4.4549789428710938     
   4.5627164840698242        4.5623660087585449        4.4375362396240234        4.4466915130615234     
   4.5658063888549805        4.5693874359130859        4.4450998306274414        4.4569272994995117     
   4.5633583068847656        4.5718302726745605        4.4413490295410156        4.4499120712280273     
m=10000:n=10000:k=780
   4.6016082763671875        4.6145358085632324        4.4886760711669922        4.4967956542968750     
   4.6103878021240234        4.6177339553833008        4.4891672134399414        4.5091295242309570     
   4.6019239425659180        4.6128993034362793        4.4838867187500000        4.5048751831054688     
   4.6017270088195801        4.6164879798889160        4.4952135086059570        4.5074443817138672     
   4.6068382263183594        4.6076445579528809        4.4874286651611328        4.5027074813842773     
m=10000:n=10000:k=790
   4.6479721069335938        4.6559085845947266        4.5467329025268555        4.5598440170288086     
   4.6549358367919922        4.6603178977966309        4.5366773605346680        4.5571804046630859     
   4.6498751640319824        4.6588120460510254        4.5479125976562500        4.5671758651733398     
   4.6520228385925293        4.6622753143310547        4.5520572662353516        4.5578784942626953     
   4.6514902114868164        4.6615962982177734        4.5359992980957031        4.5443859100341797     
m=10000:n=10000:k=800
   4.7343912124633789        4.7411189079284668        4.5970983505249023        4.6084365844726562     
   4.7376618385314941        4.7280063629150391        4.6020793914794922        4.6241016387939453     
   4.7298498153686523        4.7402176856994629        4.6011171340942383        4.6074752807617188     
   4.7284350395202637        4.7373743057250977        4.5968627929687500        4.6112861633300781     
   4.7310547828674316        4.7395095825195312        4.6002750396728516        4.6086454391479492     
m=10000:n=10000:k=810
   4.7739329338073730        4.7785139083862305        4.6364793777465820        4.6467103958129883     
   4.7648983001708984        4.7726216316223145        4.6426496505737305        4.6720905303955078     
   4.7674579620361328        4.7796578407287598        4.6418151855468750        4.6580667495727539     
   4.7644057273864746        4.7770166397094727        4.6422319412231445        4.6525468826293945     
   4.7730350494384766        4.7819209098815918        4.6469774246215820        4.6605215072631836     
m=10000:n=10000:k=820
   4.8475933074951172        4.8565154075622559        4.7115268707275391        4.7264165878295898     
   4.8482112884521484        4.8610153198242188        4.7116203308105469        4.7277402877807617     
   4.8516359329223633        4.8540887832641602        4.7196245193481445        4.7424554824829102     
   4.8452310562133789        4.8572912216186523        4.7116899490356445        4.7268600463867188     
   4.8442163467407227        4.8558764457702637        4.7115116119384766        4.7247781753540039     
m=10000:n=10000:k=830
   4.9089260101318359        4.9094161987304688        4.7751636505126953        4.7805280685424805     
   4.9014401435852051        4.9131436347961426        4.7698135375976562        4.7803611755371094     
   4.9035019874572754        4.9062337875366211        4.7704248428344727        4.7804145812988281     
   4.9077668190002441        4.9142017364501953        4.7839260101318359        4.7844724655151367     
   4.8950777053833008        4.9112577438354492        4.7672882080078125        4.7795677185058594     
m=10000:n=10000:k=840
   4.9389061927795410        4.9517893791198730        4.7928400039672852        4.8035869598388672     
   4.9382400512695312        4.9486179351806641        4.7879800796508789        4.8065280914306641     
   4.9388298988342285        4.9383344650268555        4.7848672866821289        4.8113918304443359     
   4.9379172325134277        4.9460167884826660        4.8066635131835938        4.8256130218505859     
   4.9398336410522461        4.9483027458190918        4.7987699508666992        4.8102283477783203     
m=10000:n=10000:k=850
   5.0179538726806641        5.0252437591552734        4.8765449523925781        4.8884582519531250     
   5.0200729370117188        5.0294594764709473        4.8848876953125000        4.8905429840087891     
   5.0277910232543945        5.0354542732238770        4.8868398666381836        4.8961925506591797     
   5.0217008590698242        5.0298457145690918        4.8831806182861328        4.8933277130126953     
   5.0132069587707520        5.0338411331176758        4.8874092102050781        4.8974342346191406     
m=10000:n=10000:k=860
   5.0601348876953125        5.0725245475769043        4.9259128570556641        4.9292430877685547     
   5.0661082267761230        5.0837812423706055        4.9363775253295898        4.9395847320556641     
   5.0636377334594727        5.0755972862243652        4.9373903274536133        4.9433212280273438     
   5.0669012069702148        5.0717110633850098        4.9202785491943359        4.9316959381103516     
   5.0629777908325195        5.0713181495666504        4.9280176162719727        4.9372062683105469     
m=10000:n=10000:k=870
   5.1213879585266113        5.1333270072937012        5.0194711685180664        5.0120239257812500     
   5.1239209175109863        5.1230068206787109        4.9924430847167969        5.0233821868896484     
   5.1135382652282715        5.1285376548767090        5.0072011947631836        5.0118103027343750     
   5.1153640747070312        5.1284103393554688        5.0061302185058594        5.0240745544433594     
   5.1174650192260742        5.1226520538330078        5.0012350082397461        5.0073699951171875     
m=10000:n=10000:k=880
   5.1758871078491211        5.1806664466857910        5.0485782623291016        5.0535449981689453     
   5.1689329147338867        5.1783614158630371        5.0465173721313477        5.0471782684326172     
   5.1813259124755859        5.1975626945495605        5.0372772216796875        5.0484199523925781     
   5.1729979515075684        5.1867032051086426        5.0310745239257812        5.0485820770263672     
   5.1792240142822266        5.1977186203002930        5.0295715332031250        5.0431995391845703     
m=10000:n=10000:k=890
   5.2344989776611328        5.2447052001953125        5.0763654708862305        5.1073131561279297     
   5.2210021018981934        5.2338352203369141        5.0743942260742188        5.0880794525146484     
   5.2427740097045898        5.2414250373840332        5.0825300216674805        5.0940113067626953     
   5.2264947891235352        5.2325735092163086        5.0720863342285156        5.0865802764892578     
   5.2281632423400879        5.2348608970642090        5.0792694091796875        5.0892925262451172     
m=10000:n=10000:k=900
   5.3072786331176758        5.3175249099731445        5.1513690948486328        5.1629447937011719     
   5.3094367980957031        5.3198232650756836        5.1542778015136719        5.1693248748779297     
   5.3087949752807617        5.3183212280273438        5.1517953872680664        5.1709213256835938     
   5.3185520172119141        5.3182525634765625        5.1538724899291992        5.1747837066650391     
   5.2982721328735352        5.3203544616699219        5.1516628265380859        5.1695232391357422     
m=10000:n=10000:k=910
   5.3771920204162598        5.3866996765136719        5.2209558486938477        5.2425804138183594     
   5.3614859580993652        5.3647494316101074        5.2029676437377930        5.2157897949218750     
   5.3686456680297852        5.3734269142150879        5.2053947448730469        5.2267131805419922     
   5.3601560592651367        5.3704385757446289        5.2074909210205078        5.2189102172851562     
   5.3641858100891113        5.3695397377014160        5.2013216018676758        5.2105274200439453     
m=10000:n=10000:k=920
   5.4091329574584961        5.4163231849670410        5.2377538681030273        5.2613353729248047     
   5.4063401222229004        5.4168853759765625        5.2397327423095703        5.2608489990234375     
   5.4039993286132812        5.4119091033935547        5.2243165969848633        5.2439250946044922     
   5.4123687744140625        5.4179387092590332        5.2364435195922852        5.2529468536376953     
   5.3997344970703125        5.4129705429077148        5.2346696853637695        5.2466278076171875     
m=10000:n=10000:k=930
   5.4793620109558105        5.4899182319641113        5.3111562728881836        5.3271656036376953     
   5.4766292572021484        5.4837460517883301        5.3072052001953125        5.3260326385498047     
   5.4840807914733887        5.4957380294799805        5.3204259872436523        5.3298587799072266     
   5.4822092056274414        5.4950957298278809        5.3142385482788086        5.3299579620361328     
   5.4750347137451172        5.4838104248046875        5.3080024719238281        5.3228855133056641     
m=10000:n=10000:k=940
   5.5341787338256836        5.5388302803039551        5.3665180206298828        5.3793087005615234     
   5.5267152786254883        5.5357260704040527        5.3650655746459961        5.3801670074462891     
   5.5230617523193359        5.5309224128723145        5.3709468841552734        5.3812904357910156     
   5.5244579315185547        5.5378842353820801        5.3568630218505859        5.3750858306884766     
   5.5379133224487305        5.5447931289672852        5.3708591461181641        5.3805484771728516     
m=10000:n=10000:k=950
   5.5835342407226562        5.5876169204711914        5.4343585968017578        5.4501419067382812     
   5.5887823104858398        5.5992712974548340        5.4325866699218750        5.4539031982421875     
   5.5810060501098633        5.5964775085449219        5.4475183486938477        5.4535331726074219     
   5.5812940597534180        5.5980033874511719        5.4306535720825195        5.4481811523437500     
   5.5774550437927246        5.5883250236511230        5.4292821884155273        5.4524879455566406     
m=10000:n=10000:k=960
   5.6620540618896484        5.6569190025329590        5.4823875427246094        5.5030231475830078     
   5.6509308815002441        5.6600036621093750        5.4787597656250000        5.4949893951416016     
   5.6592602729797363        5.6644577980041504        5.4730072021484375        5.4926948547363281     
   5.6494569778442383        5.6577806472778320        5.4724292755126953        5.4885196685791016     
   5.6488499641418457        5.6521430015563965        5.4738512039184570        5.4923591613769531     
m=10000:n=10000:k=970
   5.7134590148925781        5.7111115455627441        5.5196418762207031        5.5728340148925781     
   5.7117080688476562        5.7207140922546387        5.5321683883666992        5.5374946594238281     
   5.7054090499877930        5.7065792083740234        5.5501823425292969        5.5456142425537109     
   5.7016148567199707        5.7119050025939941        5.5328741073608398        5.5502090454101562     
   5.6908059120178223        5.7024555206298828        5.5319900512695312        5.5490322113037109     
m=10000:n=10000:k=980
   5.7826042175292969        5.7862639427185059        5.5987873077392578        5.6136646270751953     
   5.7589259147644043        5.7778329849243164        5.5857591629028320        5.6051731109619141     
   5.7712182998657227        5.7773499488830566        5.5964069366455078        5.6048393249511719     
   5.7702836990356445        5.7873849868774414        5.5876636505126953        5.6053829193115234     
   5.7713108062744141        5.7816572189331055        5.5804176330566406        5.5972003936767578     
m=10000:n=10000:k=990
   5.8255047798156738        5.8354043960571289        5.6494340896606445        5.6702632904052734     
   5.8168549537658691        5.8414254188537598        5.6480751037597656        5.6734580993652344     
   5.8288931846618652        5.8507242202758789        5.6434888839721680        5.6612777709960938     
   5.8251409530639648        5.8432550430297852        5.6560239791870117        5.6695652008056641     
   5.8246650695800781        5.8421545028686523        5.6450004577636719        5.6706295013427734     
m=10000:n=10000:k=1000
   5.9301371574401855        5.9424586296081543        5.6419153213500977        5.6726741790771484     
   5.9338121414184570        5.9375882148742676        5.6423864364624023        5.6593666076660156     
   5.9221820831298828        5.9355707168579102        5.6334867477416992        5.6606121063232422     
   5.9292678833007812        5.9435696601867676        5.6383285522460938        5.6577453613281250     
   5.9456558227539062        5.9527039527893066        5.6641874313354492        5.6660804748535156     
